8.351123999999999796e+03 2.044559700000000021e+03 1.018861400000000003e+03 7.206074999999999591e+02 4.125443700000000149e+02 3.462922699999999736e+02 3.024455600000000004e+02 3.091082499999999982e+02 3.280763499999999908e+02 2.627592500000000086e+02 2.205942699999999945e+02 1.761282300000000021e+02 1.527788500000000056e+02 1.210514799999999980e+02 1.872582999999999913e+02 1.862177000000000078e+02 1.296395100000000014e+02 9.672098499999999888e+01 9.632842999999999734e+01 9.060545999999999367e+01 1.035232539999999943e+02 1.422024000000000115e+02 1.447900099999999952e+02 1.832855000000000132e+02 1.997627999999999986e+02 1.790159899999999880e+02 1.625145899999999983e+02 1.578704199999999958e+02 1.692278399999999863e+02 2.009054700000000082e+02 1.511879099999999880e+02 1.602168900000000065e+02 1.620291400000000124e+02 1.573904100000000028e+02 1.759437000000000069e+02 1.551561700000000030e+02 1.445560499999999990e+02 1.569787100000000066e+02 1.496455499999999859e+02 1.376631299999999953e+02 1.332607399999999984e+02 1.310392300000000034e+02 1.525790599999999984e+02 1.386013499999999965e+02 1.262061499999999938e+02 1.318568699999999865e+02 1.182833700000000050e+02 9.674281000000000574e+01 9.358513000000000659e+01 1.043173900000000032e+02 8.915331999999999368e+01 7.169809999999999661e+01 8.166254999999999598e+01 5.708449000000000240e+01 6.453920999999999708e+01 6.149020399999999853e+01 6.840402000000000271e+01 6.555009499999999889e+01 4.693648999999999916e+01 5.385956999999999795e+01 6.386535599999999846e+01 5.328798299999999699e+01 4.708806599999999776e+01 4.920906399999999792e+01 4.714403500000000236e+01 5.513579599999999914e+01 5.464853300000000047e+01 3.257473399999999941e+01 6.300647399999999720e+01 5.069701799999999992e+01 5.307504699999999787e+01 5.383621999999999730e+01 4.394945500000000038e+01 4.842094399999999865e+01 5.076937999999999818e+01 4.392625999999999920e+01 4.577064500000000180e+01 3.443017600000000300e+01 4.277541999999999689e+01 4.132282000000000011e+01 3.734620300000000270e+01 4.340462999999999738e+01 5.248082999999999743e+01 5.417606700000000330e+01 3.911475000000000080e+01 5.224273999999999774e+01 4.836347599999999858e+01 6.049226999999999776e+01 5.218634000000000128e+01 4.667754399999999748e+01 4.477909499999999809e+01 4.021482000000000312e+01 4.639740400000000164e+01 4.045376600000000167e+01 3.728719000000000250e+01 5.134844199999999859e+01 5.456329000000000207e+01 6.096000999999999692e+01 4.697776999999999958e+01 4.442590700000000226e+01
2.044559700000000021e+03 8.204556000000000495e+03 2.076650999999999840e+03 9.317743500000000267e+02 5.537220499999999674e+02 5.260445600000000468e+02 4.138533600000000092e+02 4.022149400000000128e+02 3.754646999999999935e+02 3.289462300000000141e+02 2.573127000000000066e+02 1.952337300000000084e+02 1.631932799999999872e+02 1.573174400000000048e+02 2.180545199999999966e+02 2.114216900000000123e+02 1.749620199999999954e+02 1.441254999999999882e+02 1.105867499999999950e+02 1.112030000000000030e+02 1.112755659999999978e+02 1.478908700000000067e+02 1.771709899999999891e+02 1.867728700000000117e+02 2.032190200000000004e+02 1.815297700000000134e+02 1.845258200000000102e+02 1.795198699999999974e+02 1.658273299999999892e+02 2.013409399999999891e+02 2.082947499999999934e+02 1.816326799999999935e+02 1.661931500000000028e+02 1.662072799999999972e+02 1.698077199999999891e+02 1.551847500000000082e+02 1.467903100000000052e+02 1.661544600000000003e+02 1.314962800000000129e+02 1.587319799999999930e+02 1.353972599999999886e+02 1.243459699999999941e+02 1.464329400000000021e+02 1.523663999999999987e+02 1.470136699999999905e+02 1.762008199999999931e+02 1.244532600000000002e+02 1.120553500000000042e+02 9.637881000000000142e+01 8.292886000000000024e+01 7.222446999999999662e+01 6.622961399999999799e+01 9.130997999999999593e+01 4.773292500000000160e+01 4.817514800000000008e+01 5.576756000000000313e+01 6.318678700000000248e+01 5.982350499999999727e+01 4.854279300000000319e+01 6.563431500000000085e+01 6.309549299999999761e+01 5.744494600000000162e+01 4.880658999999999992e+01 4.475031700000000257e+01 5.614493000000000222e+01 4.492132000000000147e+01 3.916058300000000258e+01 2.984154699999999849e+01 5.610912299999999675e+01 5.522984999999999900e+01 4.625639699999999976e+01 3.809112499999999812e+01 4.819583000000000084e+01 5.047655000000000314e+01 5.227271300000000309e+01 4.180554000000000059e+01 5.161415000000000219e+01 4.915187499999999687e+01 3.978921499999999867e+01 4.395458599999999905e+01 4.776614800000000116e+01 4.373903700000000327e+01 4.550583999999999918e+01 4.829421599999999870e+01 4.270078300000000127e+01 3.977640499999999690e+01 5.467951200000000256e+01 5.224999600000000299e+01 3.044591899999999995e+01 3.420884699999999867e+01 4.641335300000000075e+01 4.575363999999999720e+01 4.555602600000000280e+01 3.774577699999999680e+01 5.110127299999999906e+01 3.051572399999999874e+01 5.052553000000000338e+01 3.462399700000000280e+01 4.865469699999999875e+01 2.984545699999999968e+01
1.018861400000000003e+03 2.076650999999999840e+03 7.830515000000000327e+03 2.087985000000000127e+03 8.476031500000000278e+02 6.876803999999999633e+02 5.556223999999999705e+02 5.686139500000000453e+02 5.248348999999999478e+02 4.198815299999999979e+02 3.403507999999999925e+02 2.801541000000000281e+02 2.221433900000000108e+02 2.551939199999999914e+02 2.812128999999999905e+02 2.989904500000000098e+02 2.085905999999999949e+02 1.732943699999999865e+02 1.396458100000000115e+02 1.525969800000000021e+02 1.617608799999999860e+02 1.919039500000000089e+02 2.163870699999999943e+02 2.323830900000000099e+02 2.114758899999999926e+02 2.000500999999999863e+02 2.100980800000000102e+02 1.536761300000000006e+02 1.975429399999999873e+02 1.952096400000000074e+02 1.969399899999999946e+02 1.765838500000000124e+02 1.916714599999999962e+02 1.606794399999999996e+02 1.638123300000000029e+02 1.472322100000000091e+02 1.423305499999999881e+02 1.397992700000000070e+02 1.310565599999999904e+02 1.304162800000000004e+02 1.131457699999999988e+02 1.085084839999999957e+02 1.276121499999999997e+02 1.205740100000000012e+02 1.287032600000000002e+02 1.400020900000000097e+02 1.340286000000000115e+02 9.925831599999999355e+01 9.266395599999999888e+01 7.906073000000000661e+01 6.035493999999999915e+01 7.647713500000000408e+01 5.840545000000000186e+01 5.523007599999999684e+01 4.327727999999999753e+01 5.178065500000000299e+01 5.520264000000000237e+01 5.624096999999999724e+01 5.928754399999999691e+01 4.640969499999999925e+01 4.850813999999999737e+01 3.443787799999999777e+01 3.965267000000000053e+01 3.941734999999999900e+01 5.594062999999999874e+01 4.050244500000000158e+01 5.522317499999999768e+01 5.361524000000000001e+01 4.318633700000000175e+01 4.384559000000000140e+01 3.623861000000000132e+01 4.437068599999999918e+01 2.612446600000000174e+01 2.952678500000000028e+01 4.275269000000000119e+01 4.212764700000000317e+01 3.120170200000000094e+01 3.503383000000000180e+01 3.740643699999999683e+01 2.899814999999999898e+01 3.749698999999999671e+01 3.655086000000000013e+01 4.624942800000000176e+01 4.649878300000000309e+01 4.117296999999999940e+01 3.812761700000000076e+01 2.980001599999999939e+01 3.153447200000000095e+01 3.469413800000000236e+01 3.216024999999999778e+01 3.447616000000000014e+01 4.697366999999999848e+01 3.506377799999999922e+01 2.775744399999999956e+01 3.767927000000000248e+01 4.324031999999999698e+01 4.222205399999999997e+01 3.733395000000000152e+01 4.065867599999999982e+01 4.534652299999999769e+01
7.206074999999999591e+02 9.317743500000000267e+02 2.087985000000000127e+03 7.260269000000000233e+03 2.191913799999999810e+03 1.112713899999999967e+03 1.209073900000000094e+03 1.158609099999999899e+03 1.080551999999999907e+03 5.831468999999999596e+02 4.407551300000000083e+02 3.869961000000000126e+02 3.571815199999999777e+02 4.089519000000000233e+02 3.901836500000000001e+02 2.986985999999999990e+02 3.048921799999999962e+02 2.807400799999999776e+02 2.262671499999999867e+02 2.128128199999999879e+02 2.378664899999999989e+02 2.358089600000000132e+02 2.583445699999999761e+02 2.145537400000000048e+02 2.176559000000000026e+02 2.115800500000000000e+02 1.682781400000000076e+02 1.674070299999999918e+02 1.945457800000000077e+02 1.614415899999999908e+02 1.820309799999999996e+02 1.482079300000000046e+02 1.433268999999999949e+02 1.118874739999999974e+02 1.276258799999999951e+02 1.356539999999999964e+02 1.049195100000000025e+02 1.030068399999999968e+02 1.082514599999999945e+02 1.051205900000000071e+02 1.091112439999999992e+02 9.616570000000000107e+01 1.158905500000000046e+02 9.096735400000000027e+01 1.019657059999999973e+02 1.525112200000000087e+02 1.142045399999999944e+02 8.918292999999999893e+01 6.145555499999999682e+01 6.470750400000000013e+01 3.848641599999999841e+01 5.355664399999999858e+01 4.925725599999999815e+01 3.915491000000000099e+01 2.819247800000000126e+01 4.931604399999999799e+01 3.025424200000000141e+01 3.889909699999999759e+01 3.496323399999999992e+01 2.954593799999999959e+01 4.037022000000000332e+01 3.605326999999999771e+01 3.490911499999999990e+01 3.114277299999999826e+01 3.201398499999999814e+01 2.490471799999999902e+01 3.055611000000000033e+01 3.492701999999999884e+01 2.649882699999999858e+01 2.370202600000000004e+01 3.609281000000000006e+01 2.792032599999999931e+01 3.658973000000000297e+01 2.756999199999999917e+01 3.210907699999999920e+01 2.494463700000000017e+01 2.484951200000000071e+01 3.158407400000000109e+01 2.328496399999999866e+01 3.249166999999999916e+01 2.032954799999999906e+01 3.327535999999999916e+01 2.878959700000000055e+01 1.884143800000000013e+01 2.819253300000000095e+01 2.555957199999999929e+01 1.576756600000000041e+01 3.057711199999999963e+01 2.159659800000000018e+01 2.335583700000000107e+01 3.420331999999999795e+01 2.652038800000000052e+01 2.712746200000000130e+01 2.473982200000000020e+01 3.283671999999999969e+01 2.795172000000000168e+01 3.246676000000000073e+01 2.963080000000000069e+01 1.949510599999999982e+01 4.339985999999999677e+01
4.125443700000000149e+02 5.537220499999999674e+02 8.476031500000000278e+02 2.191913799999999810e+03 7.922175299999999879e+03 2.822467799999999897e+03 2.005193700000000035e+03 1.678868199999999888e+03 1.420702800000000025e+03 6.939977000000000089e+02 5.503763000000000147e+02 4.956372400000000198e+02 4.761081500000000233e+02 4.770368300000000090e+02 4.781656199999999899e+02 4.221349999999999909e+02 3.754913000000000238e+02 3.217253400000000170e+02 3.088195799999999736e+02 2.669558999999999855e+02 2.580534999999999854e+02 2.536674500000000023e+02 2.593197999999999865e+02 2.229565900000000056e+02 1.933308299999999917e+02 2.270632500000000107e+02 1.699769400000000132e+02 1.652949399999999969e+02 1.742487299999999948e+02 1.648109900000000039e+02 1.532666499999999985e+02 1.372107200000000091e+02 1.304254599999999868e+02 1.331419699999999864e+02 1.181619400000000013e+02 1.131375349999999997e+02 1.051745599999999996e+02 9.357595999999999492e+01 8.047938999999999510e+01 1.024358440000000030e+02 8.264575000000000671e+01 7.682367000000000701e+01 8.762615999999999872e+01 8.058552600000000155e+01 1.022739200000000039e+02 1.680500299999999925e+02 1.359712800000000072e+02 9.213778000000000645e+01 6.833084999999999809e+01 4.348984999999999701e+01 5.602522700000000100e+01 5.511132400000000331e+01 4.022447199999999867e+01 3.227985799999999728e+01 3.456718999999999653e+01 3.172358900000000048e+01 3.007714500000000157e+01 3.383747000000000327e+01 3.765511999999999659e+01 3.231028700000000242e+01 2.936627599999999916e+01 2.712384799999999885e+01 2.523983199999999982e+01 2.626949300000000065e+01 2.763888000000000034e+01 2.200794199999999989e+01 2.373222399999999865e+01 1.736128400000000127e+01 2.061681700000000106e+01 2.570540000000000092e+01 2.915374999999999872e+01 3.491996000000000322e+01 2.222950000000000159e+01 2.479826399999999964e+01 3.623478699999999719e+01 2.289103300000000019e+01 3.237082699999999846e+01 2.130659500000000151e+01 2.572073599999999871e+01 2.512337000000000131e+01 2.582458499999999901e+01 2.035727899999999835e+01 1.812668000000000035e+01 2.606072800000000100e+01 2.632886699999999891e+01 2.631745499999999893e+01 2.212979100000000088e+01 2.139127300000000176e+01 2.469070599999999871e+01 1.879643000000000086e+01 1.700155399999999872e+01 2.129492799999999875e+01 2.603871300000000133e+01 1.873905200000000093e+01 2.215162799999999876e+01 2.778810100000000105e+01 3.342945000000000277e+01 2.252620999999999896e+01 3.060155999999999921e+01 2.420374899999999840e+01
3.462922699999999736e+02 5.260445600000000468e+02 6.876803999999999633e+02 1.112713899999999967e+03 2.822467799999999897e+03 8.535209999999999127e+03 2.698272199999999884e+03 1.477995799999999917e+03 1.053443600000000060e+03 6.578368000000000393e+02 5.427536999999999807e+02 4.230860999999999876e+02 4.298196699999999737e+02 4.539744000000000028e+02 4.792864700000000084e+02 3.750476400000000012e+02 3.387566499999999792e+02 2.778213799999999765e+02 2.866378500000000145e+02 2.610017700000000218e+02 2.389047899999999913e+02 2.375188899999999990e+02 2.876555200000000241e+02 2.284455700000000036e+02 2.299016399999999862e+02 2.210878099999999904e+02 1.901618699999999933e+02 1.927969400000000064e+02 1.806984600000000114e+02 1.625742300000000000e+02 1.371573199999999986e+02 1.590421299999999860e+02 1.183679049999999933e+02 1.139856599999999958e+02 1.263327259999999939e+02 1.224303359999999969e+02 1.280735599999999863e+02 1.055523500000000041e+02 8.928687999999999647e+01 9.872296000000000049e+01 1.122916259999999937e+02 8.453580499999999631e+01 1.009303000000000026e+02 1.146290599999999955e+02 1.289860700000000122e+02 1.641730300000000113e+02 1.313746299999999962e+02 7.978473999999999933e+01 7.184622000000000241e+01 6.127862499999999812e+01 4.290890999999999877e+01 4.738189700000000215e+01 4.963690600000000330e+01 4.013239699999999743e+01 4.061992999999999654e+01 3.715289700000000295e+01 3.901621999999999701e+01 3.269355999999999796e+01 3.381674199999999786e+01 3.665750500000000045e+01 2.128013800000000089e+01 3.860837599999999981e+01 3.175335099999999855e+01 2.492818600000000018e+01 3.742678999999999689e+01 2.657992700000000141e+01 3.324839999999999662e+01 3.494659999999999656e+01 3.181642000000000081e+01 2.457769000000000048e+01 3.250174299999999761e+01 2.270924799999999877e+01 3.783057999999999765e+01 3.467885199999999912e+01 2.396506499999999917e+01 3.340615499999999827e+01 3.292262999999999806e+01 3.250468999999999653e+01 2.795762300000000167e+01 2.058959400000000173e+01 2.983338499999999982e+01 2.663521199999999922e+01 2.534904900000000083e+01 3.049106400000000150e+01 2.461818699999999893e+01 2.740061000000000035e+01 2.895434600000000103e+01 2.855463800000000063e+01 3.111653700000000100e+01 2.003051400000000015e+01 2.294920300000000069e+01 2.816819599999999824e+01 2.358604400000000112e+01 2.404644400000000104e+01 1.830499999999999972e+01 2.485990299999999920e+01 3.202089000000000141e+01 2.197396499999999975e+01 2.340724399999999861e+01 2.160618399999999895e+01
3.024455600000000004e+02 4.138533600000000092e+02 5.556223999999999705e+02 1.209073900000000094e+03 2.005193700000000035e+03 2.698272199999999884e+03 7.685949999999999818e+03 2.950050999999999931e+03 1.451968900000000076e+03 6.688213500000000522e+02 5.189382000000000517e+02 5.384244400000000041e+02 6.041358000000000175e+02 5.764983999999999469e+02 4.990969499999999925e+02 3.907418999999999869e+02 3.937654699999999934e+02 4.367954399999999850e+02 3.793530600000000277e+02 3.343700299999999856e+02 3.561864600000000110e+02 2.849201400000000035e+02 2.342041600000000017e+02 1.886170999999999935e+02 1.901518000000000086e+02 2.168767400000000123e+02 1.638862900000000025e+02 1.505506699999999967e+02 1.535517600000000016e+02 1.283845499999999902e+02 1.167665499999999952e+02 1.044724039999999974e+02 1.051592559999999992e+02 1.081376499999999936e+02 1.026744999999999948e+02 8.921595999999999549e+01 8.082864999999999611e+01 7.798695999999999628e+01 7.396821599999999819e+01 5.773085400000000078e+01 6.244301600000000008e+01 5.953244999999999720e+01 5.658629200000000026e+01 7.910029600000000016e+01 8.416401000000000465e+01 1.152933199999999943e+02 1.068424600000000027e+02 6.304729499999999831e+01 4.859047999999999945e+01 4.128408999999999907e+01 3.430863999999999692e+01 2.866439199999999943e+01 3.008667600000000064e+01 3.090015999999999963e+01 3.822565999999999775e+01 3.128789700000000096e+01 2.486131299999999911e+01 3.416279999999999717e+01 3.052659200000000084e+01 3.368748500000000234e+01 2.912846199999999897e+01 1.711539000000000144e+01 2.347072199999999853e+01 1.832115999999999900e+01 2.336510499999999979e+01 2.217080899999999843e+01 2.030328199999999939e+01 2.044957000000000136e+01 3.195290599999999870e+01 1.991971399999999903e+01 1.668326400000000120e+01 1.915035999999999916e+01 2.161099799999999860e+01 2.427379200000000026e+01 1.925429700000000111e+01 2.217349400000000159e+01 1.901172000000000040e+01 2.398436699999999888e+01 1.913433300000000159e+01 1.752181600000000117e+01 2.401448800000000006e+01 2.208546000000000120e+01 1.330748299999999951e+01 2.347676299999999827e+01 1.263660600000000045e+01 2.362892199999999931e+01 1.714889099999999900e+01 1.361025799999999997e+01 2.894967300000000066e+01 2.056347299999999834e+01 1.394989499999999971e+01 1.697342000000000084e+01 2.421360800000000069e+01 2.069289200000000051e+01 1.192572299999999963e+01 2.775447799999999887e+01 2.358271999999999835e+01 1.772464000000000084e+01 1.802253500000000130e+01 1.761437799999999854e+01
3.091082499999999982e+02 4.022149400000000128e+02 5.686139500000000453e+02 1.158609099999999899e+03 1.678868199999999888e+03 1.477995799999999917e+03 2.950050999999999931e+03 8.442887000000000626e+03 2.557021699999999782e+03 8.578235499999999547e+02 6.791526499999999942e+02 6.007401999999999589e+02 6.309030000000000200e+02 6.803428999999999860e+02 6.548604000000000269e+02 4.865728799999999978e+02 4.166548999999999978e+02 4.314857499999999959e+02 4.010428800000000251e+02 3.279284999999999854e+02 3.541491700000000264e+02 3.081377600000000143e+02 2.689241599999999721e+02 2.173106500000000096e+02 2.381259900000000016e+02 1.913236100000000022e+02 1.578853599999999915e+02 1.614339899999999943e+02 1.887287300000000130e+02 1.603534899999999936e+02 1.489179699999999968e+02 1.302313800000000015e+02 1.171915740000000028e+02 1.270504099999999994e+02 1.086719599999999986e+02 1.142480850000000032e+02 1.208928999999999974e+02 9.389193000000000211e+01 8.968680600000000425e+01 7.135053000000000623e+01 7.647005000000000052e+01 7.681954000000000349e+01 6.353503800000000012e+01 9.418582000000000676e+01 1.078984200000000016e+02 1.492727999999999895e+02 1.199838000000000022e+02 7.111454000000000519e+01 5.919252999999999787e+01 3.706322000000000116e+01 4.312131999999999721e+01 3.275205600000000317e+01 3.372678400000000210e+01 2.885057799999999872e+01 3.275759999999999650e+01 3.707753000000000299e+01 3.254927399999999693e+01 2.259895500000000013e+01 2.031236000000000175e+01 2.860851699999999909e+01 2.860198000000000107e+01 2.264392700000000147e+01 1.597890699999999953e+01 3.070295499999999933e+01 2.153563300000000069e+01 1.821988299999999938e+01 2.329947900000000161e+01 1.893856800000000007e+01 2.409628700000000023e+01 2.128092600000000090e+01 2.490021899999999988e+01 1.883692999999999884e+01 2.716209800000000030e+01 1.220354799999999962e+01 1.915837000000000145e+01 2.452479200000000148e+01 1.991263199999999856e+01 1.703853600000000057e+01 1.653387000000000029e+01 1.782778000000000063e+01 1.181072400000000044e+01 1.685333599999999876e+01 3.010626600000000153e+01 2.284421700000000044e+01 2.283109899999999826e+01 2.651638799999999918e+01 1.832075899999999891e+01 2.105384799999999856e+01 2.258430099999999996e+01 2.455322599999999866e+01 2.337750600000000034e+01 1.896292499999999848e+01 2.934632500000000022e+01 1.231965600000000016e+01 1.907693499999999887e+01 2.405767000000000166e+01 2.155657199999999918e+01 2.835314999999999941e+01 1.549865999999999921e+01 1.352932000000000023e+01
3.280763499999999908e+02 3.754646999999999935e+02 5.248348999999999478e+02 1.080551999999999907e+03 1.420702800000000025e+03 1.053443600000000060e+03 1.451968900000000076e+03 2.557021699999999782e+03 7.304092300000000250e+03 1.969703099999999949e+03 1.044984300000000076e+03 8.622549000000000206e+02 7.688008999999999560e+02 8.987386000000000195e+02 1.143860200000000077e+03 7.538247999999999820e+02 5.759858000000000402e+02 5.365730600000000550e+02 4.397153000000000134e+02 3.963063999999999965e+02 3.965007600000000139e+02 4.334595600000000104e+02 3.466555200000000241e+02 3.203574199999999905e+02 2.984748200000000224e+02 2.756503000000000156e+02 2.316452999999999918e+02 2.073830600000000004e+02 2.630437600000000202e+02 2.107453999999999894e+02 1.858279899999999998e+02 1.697231099999999913e+02 1.619651000000000067e+02 1.619788700000000006e+02 1.577000600000000077e+02 1.555578299999999956e+02 1.444755199999999888e+02 1.187837300000000056e+02 1.079289600000000036e+02 1.076356600000000014e+02 1.090231899999999996e+02 9.555189500000000180e+01 1.201801899999999961e+02 1.184546100000000024e+02 1.565775299999999959e+02 2.846017499999999814e+02 2.083234099999999955e+02 1.041811900000000009e+02 7.180862000000000478e+01 5.839465299999999814e+01 3.862703299999999729e+01 3.274176400000000342e+01 4.251601399999999842e+01 4.723424500000000137e+01 2.218365999999999971e+01 3.478323400000000021e+01 2.645110000000000028e+01 3.388778299999999888e+01 2.401782599999999945e+01 3.210527799999999843e+01 3.873889499999999941e+01 2.957389999999999830e+01 2.497158400000000000e+01 2.121657400000000138e+01 2.462246000000000024e+01 2.384776099999999843e+01 2.361417000000000144e+01 3.140895000000000081e+01 2.849203100000000077e+01 2.179903200000000041e+01 2.282155200000000050e+01 3.644711999999999819e+01 2.856265600000000049e+01 3.099120999999999881e+01 2.341204000000000107e+01 3.019699900000000170e+01 3.467562499999999659e+01 2.028766299999999845e+01 2.181203700000000012e+01 2.029090499999999864e+01 2.412185500000000005e+01 2.110001400000000160e+01 1.941729499999999931e+01 3.130884599999999907e+01 2.496866999999999948e+01 2.154848700000000150e+01 2.085199700000000078e+01 2.418734600000000157e+01 3.155953600000000137e+01 2.750430899999999923e+01 2.261628500000000130e+01 1.719886199999999832e+01 1.577263800000000060e+01 1.986417199999999994e+01 2.504708899999999971e+01 3.374773799999999824e+01 1.955123000000000033e+01 2.449099199999999854e+01 2.652783200000000008e+01 1.308877799999999958e+01
2.627592500000000086e+02 3.289462300000000141e+02 4.198815299999999979e+02 5.831468999999999596e+02 6.939977000000000089e+02 6.578368000000000393e+02 6.688213500000000522e+02 8.578235499999999547e+02 1.969703099999999949e+03 7.463949999999999818e+03 2.215101299999999810e+03 1.275046000000000049e+03 9.059433000000000220e+02 1.067343399999999974e+03 1.514954199999999901e+03 1.018817930000000047e+03 6.816280000000000427e+02 5.157549999999999955e+02 4.603917200000000207e+02 3.596256999999999948e+02 3.693011500000000069e+02 4.539259999999999877e+02 4.319961500000000001e+02 4.478182699999999841e+02 3.934467000000000212e+02 3.522550699999999892e+02 2.933914800000000014e+02 2.574145800000000008e+02 3.173519000000000005e+02 2.866016999999999939e+02 2.205672999999999888e+02 2.634093599999999924e+02 2.298666699999999992e+02 1.942438500000000090e+02 2.110803799999999910e+02 2.551030900000000088e+02 1.985402499999999861e+02 1.507692399999999964e+02 1.578624599999999987e+02 1.463582600000000014e+02 1.533433499999999867e+02 1.341561299999999903e+02 1.589711599999999976e+02 1.651178099999999915e+02 2.076812600000000089e+02 3.529387800000000084e+02 2.286593599999999924e+02 1.347908299999999997e+02 1.086561499999999967e+02 7.974302000000000135e+01 8.017786999999999864e+01 5.480795299999999770e+01 4.764338300000000004e+01 3.780098000000000269e+01 4.404955999999999960e+01 3.928255500000000211e+01 3.851709400000000016e+01 3.241504299999999716e+01 4.046561400000000219e+01 4.513841200000000242e+01 3.384607299999999697e+01 2.334467499999999873e+01 3.636268199999999950e+01 4.325268599999999708e+01 2.895924000000000120e+01 2.786332499999999968e+01 4.276944699999999955e+01 3.516861999999999711e+01 2.520201000000000136e+01 3.254451999999999856e+01 3.759566999999999837e+01 3.940262599999999793e+01 3.599586999999999648e+01 3.282053400000000210e+01 3.525395199999999818e+01 4.297237400000000207e+01 1.785117999999999938e+01 2.467439299999999847e+01 2.425451699999999988e+01 3.008406799999999848e+01 2.823472200000000143e+01 2.488474799999999831e+01 2.898874500000000154e+01 3.669203000000000259e+01 2.758664699999999925e+01 2.472213599999999900e+01 2.608534399999999920e+01 1.061676699999999940e+01 2.699502000000000024e+01 3.012080399999999969e+01 2.724455800000000139e+01 2.656217399999999884e+01 3.020577000000000112e+01 1.840710999999999942e+01 4.031184999999999974e+01 2.372381400000000085e+01 2.777958900000000142e+01 2.723345799999999883e+01 4.275127400000000222e+01 3.528349000000000046e+01
2.205942699999999945e+02 2.573127000000000066e+02 3.403507999999999925e+02 4.407551300000000083e+02 5.503763000000000147e+02 5.427536999999999807e+02 5.189382000000000517e+02 6.791526499999999942e+02 1.044984300000000076e+03 2.215101299999999810e+03 7.091368999999999687e+03 2.528299300000000130e+03 1.465204500000000053e+03 1.438847299999999905e+03 1.602075399999999945e+03 1.015861629999999991e+03 7.570906400000000076e+02 5.821391999999999598e+02 4.761721800000000258e+02 3.983238499999999931e+02 3.999871999999999730e+02 4.672951699999999846e+02 4.577764000000000237e+02 4.077934000000000196e+02 3.714770199999999818e+02 3.130544699999999807e+02 3.119042400000000157e+02 2.628149999999999977e+02 2.963274200000000178e+02 2.802776000000000067e+02 2.363334999999999866e+02 2.357151800000000037e+02 1.989643199999999865e+02 2.037962300000000084e+02 2.111555299999999988e+02 1.933302500000000066e+02 1.779922500000000127e+02 1.503846299999999871e+02 1.379400799999999947e+02 1.178132700000000028e+02 1.177792359999999974e+02 1.228083400000000012e+02 1.238921660000000031e+02 1.493702399999999955e+02 1.837392900000000111e+02 2.979766799999999876e+02 1.956241899999999987e+02 1.035746299999999991e+02 8.230830000000000268e+01 6.477679000000000542e+01 5.789336000000000126e+01 5.359076000000000306e+01 5.016879000000000133e+01 5.111757999999999669e+01 3.463373599999999897e+01 4.751646800000000326e+01 2.654754399999999848e+01 3.754657399999999967e+01 4.687160999999999689e+01 5.185204000000000235e+01 3.715213800000000077e+01 3.847632000000000119e+01 2.227789900000000145e+01 3.643628300000000309e+01 3.252721799999999774e+01 3.075668699999999944e+01 3.183975999999999829e+01 3.166941500000000076e+01 3.538383999999999929e+01 2.741566999999999865e+01 3.463991999999999649e+01 3.398328000000000060e+01 2.586382499999999851e+01 2.995220399999999827e+01 3.045959900000000076e+01 2.525591899999999868e+01 2.706826600000000127e+01 2.969405000000000072e+01 2.383748399999999990e+01 2.455100600000000099e+01 2.477611999999999881e+01 2.919851900000000100e+01 3.620936199999999872e+01 2.803424599999999955e+01 2.848667999999999978e+01 2.162705599999999961e+01 3.255470700000000051e+01 3.378700599999999810e+01 1.989815099999999859e+01 2.927759999999999962e+01 2.559914399999999901e+01 2.327115600000000128e+01 2.544549599999999856e+01 2.274249000000000009e+01 2.263927500000000137e+01 2.271029899999999913e+01 2.950645000000000095e+01 2.370632399999999862e+01 2.340903000000000134e+01 3.065183599999999942e+01
1.761282300000000021e+02 1.952337300000000084e+02 2.801541000000000281e+02 3.869961000000000126e+02 4.956372400000000198e+02 4.230860999999999876e+02 5.384244400000000041e+02 6.007401999999999589e+02 8.622549000000000206e+02 1.275046000000000049e+03 2.528299300000000130e+03 8.524754000000000815e+03 2.733333500000000186e+03 1.894964600000000019e+03 1.407536700000000110e+03 8.464855000000000018e+02 7.199360000000000355e+02 6.620497400000000425e+02 5.317561600000000226e+02 4.214548599999999965e+02 4.522862200000000144e+02 4.496625000000000227e+02 3.995478499999999826e+02 3.239037999999999897e+02 3.476833799999999997e+02 2.877570799999999736e+02 2.434143799999999942e+02 2.316821400000000040e+02 2.513541999999999916e+02 2.051865799999999922e+02 1.889406600000000083e+02 1.642325600000000065e+02 1.715150299999999959e+02 1.724422800000000109e+02 1.550167700000000082e+02 1.469325100000000077e+02 1.341503999999999905e+02 1.100063499999999976e+02 1.016348650000000049e+02 1.313023699999999963e+02 1.053091050000000024e+02 9.465794999999999959e+01 1.066696100000000058e+02 1.074822300000000013e+02 1.438249000000000137e+02 2.313972799999999950e+02 1.624412499999999966e+02 1.073219299999999947e+02 6.892741399999999885e+01 4.971880999999999773e+01 3.593026700000000062e+01 3.630785399999999896e+01 3.698853299999999678e+01 3.039090200000000053e+01 3.097370499999999893e+01 2.307918700000000101e+01 2.164983700000000155e+01 2.763138999999999967e+01 2.649131600000000120e+01 2.350601599999999891e+01 3.133418999999999954e+01 2.547146599999999950e+01 3.125945700000000116e+01 2.252401499999999857e+01 2.393752999999999886e+01 2.516009700000000038e+01 2.604608999999999952e+01 2.646387700000000009e+01 2.356972299999999976e+01 2.448927700000000129e+01 3.204748500000000178e+01 2.149617999999999896e+01 1.501700100000000049e+01 2.088952400000000154e+01 2.071231300000000175e+01 1.308483499999999999e+01 2.045136600000000016e+01 1.923023399999999938e+01 2.058326500000000081e+01 2.154130400000000023e+01 2.438888700000000043e+01 2.327300999999999931e+01 2.617633000000000010e+01 1.768980399999999875e+01 1.844832399999999950e+01 2.178703000000000145e+01 1.475798099999999913e+01 1.801954999999999885e+01 2.331804500000000147e+01 2.275264200000000159e+01 3.201330999999999705e+01 1.507068699999999950e+01 2.019983999999999824e+01 2.811769900000000177e+01 1.732719600000000071e+01 2.470854999999999890e+01 2.240335299999999918e+01 2.674307800000000057e+01 2.915380100000000141e+01 2.646734199999999859e+01
1.527788500000000056e+02 1.631932799999999872e+02 2.221433900000000108e+02 3.571815199999999777e+02 4.761081500000000233e+02 4.298196699999999737e+02 6.041358000000000175e+02 6.309030000000000200e+02 7.688008999999999560e+02 9.059433000000000220e+02 1.465204500000000053e+03 2.733333500000000186e+03 8.819740999999999985e+03 3.361789299999999912e+03 1.201907300000000077e+03 7.206014000000000124e+02 6.847898000000000138e+02 7.934657600000000457e+02 6.465216000000000349e+02 5.229809999999999945e+02 5.307107499999999618e+02 4.561895999999999844e+02 3.581734000000000151e+02 2.959698000000000206e+02 2.716530000000000200e+02 2.335502600000000086e+02 2.118545799999999986e+02 1.508943800000000124e+02 1.932433800000000019e+02 1.735353100000000097e+02 1.384389999999999930e+02 1.194473899999999986e+02 1.327780799999999886e+02 1.253476639999999946e+02 1.048835899999999981e+02 1.238633700000000033e+02 1.044708399999999955e+02 8.509260000000000446e+01 7.015766999999999598e+01 7.757211999999999819e+01 7.990837000000000501e+01 9.853094000000000108e+01 9.172378500000000656e+01 7.565214500000000442e+01 9.693426499999999635e+01 1.644281599999999912e+02 1.318721799999999860e+02 6.516595999999999833e+01 4.974501800000000173e+01 4.097119000000000000e+01 4.227868699999999791e+01 4.112812399999999968e+01 4.058312600000000003e+01 2.937476699999999852e+01 3.001749600000000129e+01 1.715963400000000050e+01 1.590751900000000063e+01 2.991242199999999940e+01 1.953245000000000076e+01 3.145857200000000020e+01 1.980272300000000030e+01 2.190257799999999833e+01 2.377810300000000154e+01 2.121268500000000046e+01 1.594684799999999925e+01 1.527722900000000017e+01 1.694486200000000053e+01 1.515066299999999977e+01 2.589709900000000076e+01 1.656932600000000022e+01 1.334349100000000021e+01 2.557223700000000122e+01 2.404835500000000081e+01 3.882898699999999792e+01 1.950645799999999852e+01 1.929529600000000045e+01 2.331559000000000026e+01 2.135152000000000072e+01 1.989505399999999824e+01 2.669366600000000034e+01 1.469760499999999936e+01 1.917831400000000031e+01 1.248836900000000050e+01 2.422841000000000022e+01 2.021384000000000114e+01 2.375838699999999903e+01 1.865362999999999971e+01 1.741705699999999979e+01 2.171715700000000027e+01 1.184178999999999959e+01 1.666157700000000119e+01 2.654776199999999875e+01 1.659973300000000052e+01 2.369326399999999921e+01 2.081093999999999866e+01 1.959581999999999979e+01 1.508941199999999938e+01 1.443414899999999967e+01 1.820798900000000131e+01 2.128884499999999846e+01
1.210514799999999980e+02 1.573174400000000048e+02 2.551939199999999914e+02 4.089519000000000233e+02 4.770368300000000090e+02 4.539744000000000028e+02 5.764983999999999469e+02 6.803428999999999860e+02 8.987386000000000195e+02 1.067343399999999974e+03 1.438847299999999905e+03 1.894964600000000019e+03 3.361789299999999912e+03 7.598792000000000371e+03 2.206666000000000167e+03 9.607416399999999612e+02 8.701761500000000069e+02 9.249484999999999673e+02 6.712364000000000033e+02 5.854261500000000069e+02 5.744438499999999976e+02 5.087498199999999997e+02 4.421865999999999985e+02 3.265971000000000117e+02 2.915629299999999944e+02 2.935835299999999961e+02 2.399648099999999999e+02 1.822086999999999932e+02 2.366989599999999996e+02 1.708548399999999958e+02 1.612022200000000112e+02 1.517983199999999897e+02 1.272157399999999967e+02 1.586330399999999941e+02 1.577657499999999970e+02 1.421349999999999909e+02 1.093688199999999995e+02 9.730055000000000121e+01 8.306270999999999560e+01 9.385948000000000491e+01 8.732952000000000226e+01 8.575673000000000457e+01 7.993000999999999578e+01 1.082965599999999995e+02 1.297723699999999951e+02 2.163669899999999870e+02 1.578238399999999899e+02 7.800064000000000419e+01 5.175118299999999749e+01 4.507079999999999842e+01 3.598669999999999902e+01 3.826630800000000221e+01 2.644068299999999994e+01 3.148546199999999828e+01 2.004765000000000086e+01 2.531690400000000096e+01 2.173107999999999862e+01 1.885985399999999856e+01 2.919440000000000168e+01 2.769512399999999985e+01 2.577922200000000075e+01 2.551146999999999920e+01 2.461868899999999982e+01 2.928344200000000086e+01 2.777562700000000007e+01 2.504405799999999971e+01 1.759261899999999912e+01 1.806296499999999838e+01 2.346102000000000132e+01 1.984929999999999950e+01 1.093703400000000059e+01 2.008701500000000095e+01 1.182678499999999921e+01 2.928019499999999908e+01 1.430552600000000041e+01 2.232769400000000104e+01 1.578709600000000002e+01 1.640703800000000001e+01 2.007020599999999888e+01 1.837881900000000002e+01 2.628422700000000134e+01 1.489222000000000001e+01 2.512504799999999960e+01 1.906453700000000140e+01 1.408308700000000080e+01 1.947363500000000158e+01 1.708827000000000140e+01 2.855189000000000021e+01 1.570635500000000029e+01 2.049078199999999939e+01 1.560767200000000088e+01 1.879268799999999828e+01 1.723429700000000153e+01 2.170499399999999923e+01 1.478338500000000089e+01 1.806949600000000089e+01 2.698490999999999929e+01 1.605634999999999835e+01 1.691413100000000114e+01 1.950234599999999929e+01
1.872582999999999913e+02 2.180545199999999966e+02 2.812128999999999905e+02 3.901836500000000001e+02 4.781656199999999899e+02 4.792864700000000084e+02 4.990969499999999925e+02 6.548604000000000269e+02 1.143860200000000077e+03 1.514954199999999901e+03 1.602075399999999945e+03 1.407536700000000110e+03 1.201907300000000077e+03 2.206666000000000167e+03 7.424098600000000260e+03 2.246994599999999991e+03 1.222929799999999886e+03 8.280444300000000339e+02 6.927969399999999496e+02 6.412291999999999916e+02 5.409759999999999991e+02 5.811418999999999642e+02 5.706784999999999854e+02 4.402486299999999915e+02 4.428623999999999796e+02 4.054257200000000125e+02 3.490489999999999782e+02 2.697166000000000281e+02 3.736897000000000162e+02 2.978626699999999801e+02 2.457698499999999910e+02 1.992355200000000082e+02 2.355018599999999935e+02 2.089454800000000034e+02 2.024842199999999934e+02 2.244252999999999929e+02 1.690403100000000052e+02 1.791924999999999955e+02 1.285315200000000004e+02 1.433727299999999900e+02 1.297525599999999883e+02 1.245026859999999971e+02 1.479265699999999981e+02 1.393058800000000019e+02 1.925171499999999867e+02 3.259083600000000160e+02 1.809698600000000113e+02 8.980401600000000428e+01 7.719157400000000280e+01 5.396195600000000070e+01 3.986171300000000173e+01 4.882050000000000267e+01 4.570313000000000159e+01 3.461934999999999718e+01 3.520213300000000345e+01 2.921146399999999943e+01 3.655792600000000192e+01 2.820240000000000080e+01 3.638028299999999859e+01 3.094177000000000177e+01 3.688367999999999824e+01 2.825852199999999925e+01 3.579135999999999740e+01 3.078948199999999957e+01 3.970233499999999793e+01 3.120837799999999973e+01 2.884585399999999922e+01 2.813620799999999988e+01 2.784351699999999852e+01 4.035708199999999835e+01 2.316940900000000170e+01 2.611952799999999897e+01 2.210672800000000038e+01 2.538239499999999893e+01 2.306981299999999990e+01 2.550479299999999938e+01 2.795625000000000071e+01 3.134968800000000044e+01 1.406827449999999935e+01 2.181196399999999969e+01 2.865957600000000127e+01 2.783666399999999896e+01 2.435167900000000074e+01 2.969632999999999967e+01 2.271109799999999979e+01 2.647293300000000116e+01 2.913965200000000166e+01 2.873738699999999824e+01 1.435302100000000003e+01 2.419044900000000098e+01 3.160516000000000147e+01 1.972067600000000098e+01 2.260666000000000153e+01 2.704744000000000170e+01 2.125632999999999839e+01 2.376805500000000038e+01 1.961571899999999857e+01 3.580458500000000299e+01 2.727658299999999869e+01 2.941898000000000124e+01
1.862177000000000078e+02 2.114216900000000123e+02 2.989904500000000098e+02 2.986985999999999990e+02 4.221349999999999909e+02 3.750476400000000012e+02 3.907418999999999869e+02 4.865728799999999978e+02 7.538247999999999820e+02 1.018817930000000047e+03 1.015861629999999991e+03 8.464855000000000018e+02 7.206014000000000124e+02 9.607416399999999612e+02 2.246994599999999991e+03 8.477757999999999811e+03 2.400333299999999781e+03 1.087294699999999921e+03 8.419439999999999600e+02 6.874936999999999898e+02 6.338261999999999716e+02 6.717909499999999525e+02 6.449287000000000489e+02 5.522143999999999551e+02 4.799476000000000226e+02 4.735949699999999893e+02 3.490557299999999827e+02 3.563464700000000107e+02 3.599243500000000040e+02 2.903666999999999803e+02 2.812321200000000090e+02 2.751535000000000082e+02 2.482265199999999936e+02 2.334518300000000011e+02 1.924617299999999886e+02 2.244909499999999980e+02 2.017211299999999881e+02 1.895073999999999899e+02 1.303057399999999859e+02 1.515808000000000106e+02 1.573351900000000114e+02 1.597159399999999891e+02 1.777022900000000050e+02 1.740304999999999893e+02 1.929789000000000101e+02 3.033333400000000211e+02 1.646795700000000124e+02 1.096875100000000032e+02 9.444716999999999985e+01 6.702285000000000537e+01 5.549627699999999919e+01 6.232362400000000235e+01 4.312384399999999829e+01 3.855820500000000095e+01 3.658744999999999692e+01 2.649280999999999864e+01 3.554688600000000065e+01 3.786166399999999754e+01 2.660841999999999885e+01 4.260437000000000296e+01 4.259463499999999669e+01 3.372178600000000159e+01 3.508400000000000318e+01 2.857715599999999867e+01 3.644465300000000241e+01 2.527131699999999981e+01 3.029194499999999834e+01 2.686065699999999978e+01 3.156521800000000155e+01 3.728468000000000160e+01 1.138479300000000016e+01 2.337694000000000116e+01 2.344947000000000159e+01 3.407581299999999658e+01 2.878129399999999904e+01 2.351847499999999869e+01 2.965428700000000006e+01 3.903711700000000207e+01 2.798019199999999884e+01 2.602890400000000071e+01 3.582896399999999915e+01 2.829712699999999970e+01 3.459479000000000326e+01 2.716879799999999889e+01 3.202947999999999951e+01 1.579549300000000045e+01 2.674866499999999903e+01 3.592623999999999995e+01 2.491332600000000141e+01 1.924481600000000014e+01 2.030830999999999875e+01 2.500413500000000155e+01 2.562837999999999994e+01 3.057779499999999828e+01 3.720324300000000051e+01 3.284156399999999820e+01 2.006404699999999863e+01 2.136336899999999872e+01 2.663182300000000069e+01 3.052747300000000052e+01
