1.820705799999999954e+03 4.525911300000000210e+02 1.952048499999999933e+02 9.835267000000000337e+01 7.539864000000000033e+01 5.911867999999999768e+01 4.829450200000000137e+01 4.189671700000000243e+01 5.463600499999999727e+01 4.015995000000000203e+01 3.211536399999999958e+01 2.922610900000000100e+01 2.806665599999999827e+01 3.221464000000000283e+01 2.489029299999999978e+01 2.827710499999999882e+01 2.997070300000000032e+01 1.989195799999999892e+01 5.427744399999999914e+00 1.707685499999999834e+01 2.253621000000000052e+01 2.665841299999999947e+01 2.201518000000000086e+01 2.206052400000000091e+01 2.467805699999999902e+01 2.263513999999999982e+01 1.789942200000000128e+01 1.519595999999999947e+01 2.516430499999999881e+01 2.504321099999999944e+01 1.945604000000000156e+01 1.514010099999999959e+01 1.474315999999999960e+01 2.301897200000000154e+01 1.435282699999999956e+01 1.779897300000000016e+01 2.023919899999999927e+01 2.004555900000000079e+01 1.177294700000000027e+01 2.655850999999999829e+01 9.378159000000000134e+00 1.929654700000000034e+01 1.898818800000000095e+01 1.011119000000000057e+01 1.971539699999999939e+01 2.026938000000000173e+01 1.508768799999999999e+01 1.008539999999999992e+01 1.051230100000000078e+01 1.588320350000000047e+01 7.053379999999999761e+00 7.561950000000000394e+00 6.105264000000000024e+00 9.982813000000000159e+00 5.773416499999999729e+00 5.157078699999999571e+00 3.518960700000000053e+00 4.631432000000000215e+00 4.630030999999999786e+00 5.544357999999999898e+00 4.447406299999999924e+00 8.200596999999999470e-01 1.831917900000000099e+00 1.641775399999999996e+00 2.758268800000000187e+00 1.558051599999999981e+00 5.872353999999999630e+00 5.148282000000000025e+00 3.698585500000000081e+00 2.912831499999999796e+00 3.936209999999999987e+00 7.573524999999999840e-01 5.742897499999999766e+00 0.000000000000000000e+00 9.096683000000000519e+00 2.712526800000000016e+00 7.617636300000000249e-01 2.037657999999999969e+00 9.863675000000000637e+00 4.292375599999999736e+00 3.211095600000000161e+00 3.334134000000000153e+00 6.552891299999999752e+00 6.499411000000000271e+00 6.249069000000000429e+00 1.879001300000000096e+00 4.619264000000000259e+00 5.713551500000000338e+00 1.130673500000000109e+00 1.130482100000000045e+01 4.367729999999999890e+00 6.212830499999999923e+00 8.132312999999999903e+00 7.313398000000000287e+00 6.383706000000000103e+00 6.573918299999999881e+00 5.786835700000000138e+00 1.025864999999999938e+01 2.365489699999999917e+00 5.636271999999999949e+00
4.525911300000000210e+02 1.728974600000000009e+03 4.453946799999999939e+02 1.610654000000000110e+02 8.908042000000000371e+01 9.039770000000000039e+01 4.985648700000000133e+01 5.853407700000000347e+01 6.504497000000000639e+01 4.827442599999999828e+01 5.315433000000000163e+01 4.212816600000000022e+01 3.016310700000000011e+01 3.750601000000000340e+01 4.427787399999999707e+01 3.847992700000000355e+01 4.546123999999999654e+01 1.786572999999999922e+01 1.408294500000000049e+01 2.023682000000000158e+01 1.606399499999999847e+01 2.826597599999999844e+01 2.987871600000000072e+01 3.244299999999999784e+01 2.783922799999999853e+01 3.262756999999999863e+01 2.262570200000000042e+01 2.205749499999999941e+01 2.511225299999999905e+01 2.811533500000000174e+01 3.540527300000000110e+01 2.905535300000000021e+01 2.452110700000000065e+01 2.297135700000000114e+01 2.506549300000000002e+01 1.776215600000000094e+01 2.423680099999999982e+01 2.105694199999999938e+01 1.644803200000000132e+01 2.168474199999999996e+01 1.975738099999999875e+01 2.139626000000000161e+01 1.579075899999999955e+01 2.118957699999999988e+01 2.071012100000000089e+01 1.758908999999999878e+01 1.584892600000000051e+01 1.710971500000000134e+01 1.398741000000000057e+01 5.943881000000000192e+00 1.126206400000000052e+01 9.702396000000000242e+00 7.833389000000000379e+00 3.984865699999999844e+00 3.840982700000000083e+00 1.235138800000000003e+01 7.023363599999999707e+00 3.697481900000000099e+00 5.544544700000000326e+00 7.377186299999999974e+00 4.438207000000000235e+00 4.091816999999999815e+00 3.656257200000000207e+00 3.276758699999999802e+00 1.376281700000000052e+00 5.441900699999999702e+00 5.860206999999999944e+00 1.027526600000000068e+00 9.227338000000000484e-01 1.937870999999999899e+00 3.928068000000000115e+00 2.267357599999999973e+00 1.637433899999999998e+00 5.107204000000000299e+00 1.512977699999999981e+00 3.609221199999999907e+00 4.561127700000000118e+00 6.100329999999999586e+00 1.230409000000000086e+00 5.996895999999999560e+00 1.068151099999999909e+00 4.159047000000000160e+00 2.802573000000000203e+00 3.242983600000000077e+00 4.454387699999999839e+00 5.625344000000000122e+00 2.765825500000000048e+00 3.421039799999999964e+00 7.898343599999999576e+00 3.384431399999999979e+00 5.448369500000000087e+00 5.166649299999999556e+00 6.086618399999999873e+00 2.432756700000000105e+00 3.822300999999999949e+00 4.373547000000000295e+00 3.464919300000000035e+00 7.445403599999999678e+00 2.360596699999999881e+00 7.874459299999999828e+00
1.952048499999999933e+02 4.453946799999999939e+02 1.582240399999999909e+03 4.192723700000000235e+02 1.405951200000000085e+02 1.176622600000000034e+02 6.538515999999999906e+01 8.586411999999999978e+01 9.098396999999999935e+01 9.057461000000000695e+01 5.407383000000000095e+01 4.483493800000000107e+01 4.005473700000000292e+01 3.783685299999999785e+01 4.108875299999999697e+01 3.549199000000000126e+01 3.310358399999999790e+01 2.317285000000000039e+01 2.810210000000000008e+01 1.013091700000000017e+01 2.037287699999999901e+01 2.444169799999999881e+01 3.571479999999999677e+01 2.805358700000000027e+01 2.870205100000000087e+01 2.495781900000000064e+01 4.118848799999999954e+01 2.980187600000000003e+01 2.265877700000000061e+01 2.791313399999999945e+01 1.678891399999999834e+01 2.914415999999999940e+01 1.950721499999999864e+01 3.069801500000000161e+01 1.857790999999999926e+01 3.263788199999999762e+01 1.571824200000000005e+01 1.365601350000000025e+01 1.930220399999999970e+01 2.291774200000000050e+01 2.158014899999999869e+01 1.665128299999999939e+01 2.275721700000000070e+01 2.704780799999999985e+01 2.865299399999999963e+01 2.813730400000000031e+01 1.096370100000000036e+01 8.702844999999999942e+00 1.360683700000000051e+01 1.370585699999999996e+01 1.095564399999999949e+01 1.025407700000000055e+01 8.278797000000000850e+00 8.614321999999999591e+00 9.133609999999999118e+00 5.340145999999999837e+00 1.012188199999999938e+01 7.993066999999999922e+00 5.593454000000000370e+00 2.392155400000000043e+00 7.675469399999999887e+00 9.199346000000000245e+00 2.371184799999999981e+00 3.541782400000000219e+00 5.355342399999999614e+00 1.344466299999999892e+00 5.791249800000000114e+00 1.777012299999999989e+00 3.191565799999999786e+00 5.864895299999999700e+00 2.547461499999999823e+00 5.881778699999999915e+00 2.831790699999999994e+00 5.299463000000000257e+00 3.270694000000000212e+00 5.461587999999999887e+00 3.286687099999999973e+00 5.274978599999999851e+00 4.255758000000000152e+00 4.444747399999999793e+00 1.108361200000000046e+01 6.473418999999999812e+00 4.846791299999999580e+00 8.412660999999999945e+00 4.622071299999999994e+00 1.134993200000000080e+01 8.769273000000000096e+00 1.183274499999999918e+01 3.902701599999999882e+00 2.926530599999999982e+00 4.711225999999999914e+00 8.935244000000000852e+00 9.649057000000000883e+00 1.051806999999999981e+01 2.203438799999999809e+00 3.781823000000000157e+00 3.994838699999999854e+00 5.633310299999999771e+00 9.185475999999999530e+00 8.754524999999999224e+00
9.835267000000000337e+01 1.610654000000000110e+02 4.192723700000000235e+02 1.451725200000000086e+03 4.040235000000000127e+02 1.941599899999999934e+02 1.905837699999999870e+02 2.044585299999999961e+02 1.951779500000000098e+02 1.110919700000000034e+02 7.914946999999999377e+01 6.214605000000000246e+01 7.189216999999999302e+01 5.822570799999999736e+01 6.792991999999999564e+01 4.722789000000000215e+01 3.487270000000000181e+01 3.578412999999999755e+01 3.573245599999999911e+01 3.513188000000000244e+01 1.889445900000000123e+01 3.890086000000000155e+01 3.168291699999999977e+01 2.488658500000000018e+01 2.053374499999999969e+01 2.695341099999999912e+01 1.552893500000000060e+01 2.961000800000000055e+01 3.266380300000000148e+01 2.316443999999999903e+01 2.102624899999999997e+01 1.872189300000000145e+01 1.279067000000000043e+01 2.162579300000000160e+01 2.197417000000000087e+01 1.192196999999999996e+01 2.091568799999999939e+01 2.019061900000000165e+01 1.712315800000000010e+01 2.310287900000000150e+01 1.834627700000000061e+01 1.887469700000000117e+01 2.018813000000000102e+01 1.702824999999999989e+01 1.747510000000000119e+01 2.226238299999999981e+01 2.127561800000000147e+01 1.466870399999999997e+01 1.408253799999999956e+01 1.139867600000000003e+01 6.479232299999999611e+00 7.442576999999999998e+00 4.005924000000000262e+00 1.222694500000000062e+01 9.575687999999999533e+00 9.474581999999999837e+00 5.387527000000000399e+00 4.963504300000000313e+00 4.253144999999999953e+00 9.195776999999999646e+00 6.128078999999999610e+00 3.138777500000000220e+00 4.206997999999999571e+00 5.655503699999999689e+00 3.167181300000000199e+00 4.770751999999999882e+00 5.137469300000000239e+00 4.729210400000000369e+00 4.246898999999999980e+00 5.202800800000000336e+00 3.013167600000000057e+00 4.058271999999999657e+00 5.024213300000000437e+00 7.051800700000000255e+00 5.802922999999999831e+00 1.038219299999999912e+01 5.831298399999999660e+00 8.579046999999999201e+00 9.438301300000000449e-01 9.857436999999999117e+00 4.096821300000000221e+00 6.380697299999999572e+00 5.016237000000000279e+00 4.975297499999999928e+00 6.833801000000000236e+00 4.315125000000000099e+00 3.536045300000000058e+00 6.997955300000000101e+00 2.596591000000000093e+00 8.653838000000000363e-01 6.686992599999999953e+00 7.926533700000000238e+00 6.225283600000000028e+00 6.531471299999999758e+00 4.886725400000000441e+00 5.032333000000000389e+00 1.771928399999999959e+00 6.425176600000000349e+00 8.148517999999999262e+00 4.314564700000000030e+00
7.539864000000000033e+01 8.908042000000000371e+01 1.405951200000000085e+02 4.040235000000000127e+02 1.640829999999999927e+03 5.771882000000000517e+02 3.574848299999999881e+02 3.380900300000000129e+02 2.942677600000000098e+02 1.339807700000000068e+02 8.345489499999999339e+01 6.492467999999999506e+01 6.900671400000000233e+01 6.709086999999999534e+01 7.601183000000000334e+01 5.477660000000000196e+01 4.919821000000000311e+01 4.003195000000000192e+01 4.626283000000000101e+01 3.453510700000000355e+01 3.218356699999999648e+01 3.221584000000000003e+01 3.266398199999999719e+01 3.940213399999999666e+01 2.625027299999999997e+01 1.885616100000000017e+01 9.417524000000000228e+00 1.417319799999999930e+01 2.245016299999999987e+01 2.305822200000000066e+01 1.625799800000000062e+01 1.470599600000000073e+01 1.396242499999999964e+01 1.899241299999999910e+01 1.604701199999999872e+01 2.019258100000000056e+01 8.785066999999999737e+00 1.165686099999999925e+01 1.022037699999999916e+01 1.333822699999999983e+01 1.315782399999999974e+01 1.438285349999999951e+01 1.665060599999999980e+01 1.196968099999999957e+01 2.538648999999999845e+01 2.782029199999999847e+01 2.130772400000000033e+01 1.671480999999999995e+01 8.296345999999999776e+00 1.096819499999999969e+01 6.679863000000000106e+00 7.673037500000000399e+00 9.636592999999999520e+00 7.878472000000000364e+00 6.834601000000000148e+00 8.139969999999999928e+00 3.702901600000000126e+00 5.117200000000000415e+00 3.654037000000000202e+00 6.563440299999999894e+00 6.317836299999999738e+00 6.471940499999999652e+00 3.614390400000000003e+00 1.036556000000000033e+01 6.530507000000000062e+00 4.918479399999999835e+00 4.634483000000000352e+00 5.688259600000000304e+00 8.027075999999999212e+00 1.532544600000000035e+00 5.436323599999999701e+00 7.770168299999999917e+00 4.532315299999999603e+00 4.846773599999999682e+00 7.179134399999999694e+00 3.567893000000000203e+00 4.809492599999999562e+00 3.216254000000000168e+00 4.865279700000000318e+00 4.065069699999999564e+00 3.378944000000000170e+00 4.604793500000000428e+00 2.955180200000000035e+00 3.205849000000000171e+00 7.045410600000000301e+00 3.707286400000000093e+00 8.020186000000000703e+00 7.214648200000000067e+00 5.353989600000000237e+00 4.460902700000000110e+00 5.170542199999999866e+00 5.720386000000000415e+00 5.615794000000000175e+00 3.847839599999999916e+00 5.038043499999999675e+00 8.646933399999999770e-01 6.393787999999999805e+00 5.888118300000000360e+00 1.866852799999999979e+00 9.785964999999999137e+00
5.911867999999999768e+01 9.039770000000000039e+01 1.176622600000000034e+02 1.941599899999999934e+02 5.771882000000000517e+02 1.682420399999999972e+03 5.061107000000000085e+02 2.992221000000000117e+02 2.089082500000000095e+02 8.163106999999999402e+01 6.529471599999999398e+01 6.015406399999999820e+01 5.624013500000000221e+01 5.827601599999999848e+01 5.074271800000000354e+01 5.245512399999999786e+01 4.684327300000000349e+01 5.095388799999999918e+01 4.430217400000000083e+01 3.521674999999999756e+01 3.261424999999999841e+01 3.182839999999999847e+01 3.058581399999999917e+01 2.419642800000000094e+01 2.701835399999999865e+01 2.620593600000000123e+01 2.279544999999999888e+01 1.919257400000000047e+01 1.995051799999999886e+01 1.721512399999999943e+01 1.590022699999999922e+01 1.820269599999999954e+01 1.792241100000000031e+01 1.817067300000000074e+01 1.661705200000000104e+01 1.545513249999999950e+01 1.054441199999999945e+01 1.374148399999999981e+01 1.022263799999999989e+01 1.467529599999999945e+01 1.900081000000000131e+01 2.234066800000000086e+01 2.289964900000000014e+01 1.492550300000000085e+01 2.072323400000000149e+01 1.836545399999999972e+01 1.792752000000000123e+01 1.138450699999999927e+01 1.217066600000000065e+01 4.309887400000000035e+00 7.349474999999999980e+00 9.380231999999999459e+00 9.845269000000000048e+00 8.668236000000000274e+00 5.013149699999999598e+00 2.686784299999999792e+00 4.074093000000000409e+00 3.217237200000000019e+00 5.628461999999999854e+00 5.616629999999999789e+00 3.089403200000000016e+00 3.560354699999999983e+00 7.953418000000000099e+00 4.276739000000000068e+00 8.382671000000000205e+00 6.764405299999999954e+00 8.741243000000000762e+00 7.152536999999999701e+00 4.014426000000000272e+00 6.744688499999999642e+00 5.126810599999999774e+00 7.233833299999999689e+00 5.699028499999999831e+00 8.887717999999999563e+00 4.607630300000000290e+00 3.925550499999999943e+00 6.614515299999999876e+00 1.150065099999999951e+01 7.494188300000000247e+00 5.963421300000000258e+00 6.505906000000000411e+00 1.013278700000000043e+01 6.502834299999999956e+00 5.643542300000000012e+00 4.650999500000000175e+00 2.447350300000000090e+00 7.219764999999999766e+00 7.937868599999999830e+00 3.927127599999999941e+00 2.944847000000000214e+00 4.740712000000000259e+00 3.596466799999999964e+00 3.530708600000000086e+00 1.164228999999999914e+01 4.434459000000000373e+00 9.513730999999999716e-01 7.034722300000000317e+00 7.288158400000000370e+00 3.080988599999999966e+00 4.894065000000000332e+00
4.829450200000000137e+01 4.985648700000000133e+01 6.538515999999999906e+01 1.905837699999999870e+02 3.574848299999999881e+02 5.061107000000000085e+02 1.699017299999999977e+03 6.568102999999999838e+02 2.376655599999999993e+02 8.997011600000000442e+01 5.464258999999999844e+01 5.252929999999999922e+01 6.957459000000000060e+01 7.328059399999999357e+01 6.728688999999999965e+01 3.411102300000000298e+01 3.999669000000000096e+01 5.505348599999999948e+01 5.350288400000000166e+01 4.451076499999999925e+01 4.882330999999999932e+01 3.411084699999999970e+01 1.802853599999999901e+01 1.232550400000000046e+01 1.952579700000000074e+01 1.716317400000000148e+01 1.628675799999999896e+01 2.304477999999999938e+01 2.156973800000000097e+01 1.582425199999999954e+01 1.301701000000000086e+01 1.324619399999999914e+01 8.197972000000000037e+00 1.666084299999999985e+01 6.348464500000000399e+00 9.278591999999999729e+00 6.905899500000000302e+00 4.799878600000000439e+00 5.356127299999999813e+00 3.661469700000000049e+00 9.481362000000000734e+00 9.754450000000000287e+00 1.439786100000000069e+01 7.666845300000000307e+00 1.652287700000000115e+01 1.670579100000000139e+01 1.625725699999999918e+01 1.758876599999999968e+01 9.299488000000000198e+00 8.279901999999999873e+00 1.069649999999999990e+00 6.553000499999999562e+00 4.629338299999999684e+00 5.298651999999999695e+00 5.836951000000000001e+00 1.564149299999999965e+00 1.067305700000000002e+01 2.107079999999999842e+00 3.510737199999999891e+00 3.503357400000000066e+00 4.721166000000000196e+00 6.839945000000000164e+00 9.028878000000000625e+00 6.224409600000000431e+00 1.254880200000000023e+01 7.679086999999999996e+00 6.997151999999999816e+00 7.807406000000000290e+00 1.262009399999999992e+01 1.177954599999999985e+01 7.461611999999999689e+00 1.263383400000000023e+01 1.928453400000000073e+01 1.397009700000000088e+01 1.322038399999999925e+01 8.912725999999999260e+00 6.353709000000000273e+00 5.407714999999999606e+00 4.674478999999999829e+00 5.207534299999999838e+00 2.434824499999999947e+00 5.056237999999999566e+00 7.098218400000000372e+00 4.928200999999999610e+00 2.030733600000000028e+00 3.561898199999999903e+00 5.604116999999999571e+00 2.599392400000000158e+00 2.572011700000000012e+00 2.571575999999999862e+00 8.279617000000000226e-01 4.710900999999999783e+00 3.853971699999999778e+00 2.772704800000000080e+00 1.936187000000000102e+00 4.984696999999999711e+00 4.387888399999999578e+00 3.535753300000000099e+00 8.968203999999999620e-01 5.983212499999999601e+00
4.189671700000000243e+01 5.853407700000000347e+01 8.586411999999999978e+01 2.044585299999999961e+02 3.380900300000000129e+02 2.992221000000000117e+02 6.568102999999999838e+02 1.756319999999999936e+03 4.306155699999999911e+02 1.210096699999999998e+02 7.620682999999999652e+01 6.917462000000000444e+01 7.825203999999999382e+01 7.767064999999999486e+01 6.296464499999999731e+01 5.639425299999999908e+01 5.031231999999999971e+01 4.838185000000000002e+01 5.073530000000000229e+01 5.497261999999999915e+01 5.015594000000000108e+01 2.940023400000000109e+01 3.191762699999999953e+01 1.882677500000000137e+01 1.125746299999999955e+01 2.518805899999999909e+01 1.934912699999999930e+01 2.371770899999999926e+01 1.878427100000000038e+01 2.189607000000000170e+01 1.746587200000000095e+01 7.775856000000000101e+00 1.499975099999999983e+01 1.397191800000000050e+01 1.711245200000000111e+01 1.061059400000000075e+01 1.158268699999999995e+01 1.811347800000000063e+01 8.983382999999999896e+00 1.496887399999999957e+01 8.945040999999999798e+00 1.942788099999999929e+01 1.207416249999999991e+01 1.543074900000000049e+01 1.979459800000000058e+01 3.110134100000000146e+01 1.817795800000000028e+01 8.657657000000000380e+00 1.002680499999999952e+01 3.787414599999999965e+00 5.382102999999999859e+00 5.151937000000000211e+00 6.655200999999999922e+00 6.665238999999999692e+00 7.342371499999999607e+00 6.886468400000000045e+00 3.356441999999999926e+00 5.301042999999999950e+00 2.649719499999999783e+00 3.525532699999999853e+00 3.393607100000000099e+00 9.386236000000000246e+00 5.241939499999999974e+00 4.697856400000000043e+00 1.183896799999999949e+01 7.430474799999999824e+00 8.001637999999999806e+00 1.374944299999999942e+01 1.146525699999999937e+01 1.111322499999999991e+01 9.386053000000000424e+00 1.155800200000000011e+01 1.252038800000000052e+01 6.834004400000000423e+00 1.229180000000000028e+01 4.312087000000000003e+00 1.162532099999999957e+01 4.858878599999999714e+00 3.528050400000000142e+00 0.000000000000000000e+00 4.083726999999999663e+00 7.155340999999999951e+00 4.464467499999999589e+00 9.298866000000000298e+00 6.811958999999999875e+00 2.688333000000000084e+00 7.049486599999999825e+00 4.359742999999999924e+00 6.470729399999999742e+00 5.391361700000000035e+00 4.166012300000000224e+00 3.950599400000000205e+00 1.939183199999999996e+00 2.325212699999999799e+00 1.217776699999999934e+00 2.090103599999999950e+00 2.207831399999999888e+00 6.226733699999999594e+00 9.024969999999999715e+00 5.375968499999999928e+00
5.463600499999999727e+01 6.504497000000000639e+01 9.098396999999999935e+01 1.951779500000000098e+02 2.942677600000000098e+02 2.089082500000000095e+02 2.376655599999999993e+02 4.306155699999999911e+02 1.490941399999999931e+03 3.497468999999999824e+02 1.743484200000000044e+02 1.114905499999999989e+02 1.337994999999999948e+02 1.288794100000000071e+02 1.530262800000000141e+02 1.009726100000000031e+02 5.964589999999999748e+01 7.292486599999999441e+01 5.590494499999999789e+01 6.614471000000000345e+01 3.934229299999999796e+01 5.526456000000000301e+01 5.149983999999999895e+01 4.763310599999999795e+01 3.090621799999999908e+01 3.951500000000000057e+01 2.499814399999999992e+01 3.496892499999999870e+01 3.724521599999999921e+01 3.916481000000000279e+01 2.597333300000000023e+01 2.033125700000000080e+01 2.745352600000000010e+01 1.826594199999999901e+01 2.401225000000000165e+01 2.815929399999999916e+01 2.296600700000000117e+01 2.118074400000000068e+01 1.952484499999999912e+01 2.002089300000000094e+01 1.455270999999999937e+01 2.152205700000000022e+01 2.486128599999999977e+01 2.471206899999999962e+01 2.717202400000000040e+01 6.076990500000000139e+01 3.604302599999999757e+01 2.729000500000000073e+01 1.835171300000000016e+01 4.332484000000000002e+00 8.619341999999999615e+00 1.508705900000000000e+01 6.851690999999999754e+00 7.842314700000000194e+00 7.559149699999999861e+00 1.170377399999999923e+01 7.167042699999999655e+00 7.276736299999999602e+00 1.454906899999999936e+01 5.646078000000000152e+00 2.329200499999999785e+00 1.002125999999999983e+01 5.596581999999999724e+00 5.732216000000000200e+00 6.620916399999999591e+00 9.519818000000000779e+00 5.858049000000000284e+00 9.886300999999999561e+00 8.070947000000000315e+00 8.475063000000000457e+00 6.012638599999999833e+00 3.966414700000000071e+00 7.877248299999999759e+00 8.934316000000000813e+00 8.601891500000000690e+00 7.103037399999999835e+00 6.649194699999999791e+00 6.225126300000000334e+00 7.533479999999999954e+00 5.994686999999999877e+00 3.737152000000000029e+00 5.820521399999999623e+00 3.268464300000000211e+00 9.927979000000000553e+00 3.896154000000000117e+00 4.920363000000000042e+00 6.451215699999999664e+00 1.994871599999999967e+00 5.921575999999999951e+00 2.960286599999999879e+00 3.812453999999999787e+00 5.422983999999999583e+00 6.211134999999999629e+00 5.319695499999999910e+00 3.343281499999999795e+00 5.738166299999999609e+00 3.030687799999999932e+00 5.698287500000000172e+00 9.291425999999999519e+00 2.951834700000000034e+00
4.015995000000000203e+01 4.827442599999999828e+01 9.057461000000000695e+01 1.110919700000000034e+02 1.339807700000000068e+02 8.163106999999999402e+01 8.997011600000000442e+01 1.210096699999999998e+02 3.497468999999999824e+02 1.652279899999999998e+03 3.951872599999999807e+02 2.006306800000000123e+02 1.507342199999999934e+02 1.621408800000000099e+02 2.356615400000000022e+02 1.399486799999999960e+02 1.106025539999999978e+02 6.200034000000000134e+01 4.962463799999999736e+01 4.346795999999999793e+01 5.797759200000000135e+01 5.747085599999999772e+01 6.587339000000000055e+01 4.535710499999999712e+01 5.885891999999999769e+01 4.389804999999999779e+01 5.157465400000000244e+01 4.248371000000000208e+01 5.001554999999999751e+01 3.902802299999999747e+01 3.424469400000000263e+01 3.097566600000000037e+01 2.777560400000000129e+01 3.217734500000000253e+01 2.882965700000000098e+01 3.421069700000000324e+01 2.439195300000000088e+01 3.858357600000000076e+01 3.620530300000000068e+01 3.110484100000000041e+01 4.157206000000000046e+01 3.118605200000000011e+01 3.594845000000000113e+01 4.370094699999999932e+01 5.778457999999999828e+01 9.009547999999999490e+01 4.356104299999999796e+01 2.766255599999999859e+01 2.257166099999999886e+01 2.227753399999999928e+01 1.758748599999999840e+01 1.705982799999999955e+01 7.249226600000000076e+00 9.956792000000000087e+00 6.398185999999999929e+00 8.572727000000000430e+00 7.799528999999999712e+00 8.468826999999999217e+00 7.696603999999999779e+00 8.448467000000000837e+00 8.132324999999999804e+00 4.089610600000000318e+00 1.522618999999999945e+00 6.822899999999999743e+00 6.877697999999999645e+00 1.942487999999999992e+00 6.972675299999999687e+00 5.990673000000000137e+00 5.379711000000000354e+00 4.035053999999999697e+00 4.907437299999999780e+00 6.294819999999999638e+00 3.409480999999999984e+00 5.104449999999999932e+00 8.190877000000000407e+00 4.509093799999999597e+00 5.698335000000000150e+00 5.927678000000000225e+00 6.148728000000000193e+00 4.994718599999999675e+00 4.448229999999999684e+00 6.235206599999999710e+00 6.224581699999999884e+00 7.427829700000000201e+00 4.451985999999999777e+00 4.685259000000000285e+00 7.678705700000000078e+00 3.799105599999999860e+00 5.638632000000000311e+00 8.456516000000000588e+00 5.445431700000000319e+00 6.885151399999999811e+00 5.914354999999999585e+00 7.091714399999999863e+00 4.244710999999999679e+00 4.553321399999999741e+00 4.809792999999999985e+00 7.751446699999999801e+00 7.864412299999999689e+00 9.369301000000000101e+00
3.211536399999999958e+01 5.315433000000000163e+01 5.407383000000000095e+01 7.914946999999999377e+01 8.345489499999999339e+01 6.529471599999999398e+01 5.464258999999999844e+01 7.620682999999999652e+01 1.743484200000000044e+02 3.951872599999999807e+02 1.478960900000000038e+03 4.787101700000000051e+02 2.333101800000000026e+02 2.355325499999999863e+02 2.925601199999999835e+02 1.567769199999999898e+02 1.086011400000000009e+02 8.300555400000000361e+01 7.123788000000000409e+01 6.471137000000000228e+01 5.817667800000000256e+01 5.882924700000000229e+01 6.909533000000000413e+01 6.294330999999999676e+01 4.132859400000000250e+01 3.408536999999999750e+01 4.341018700000000052e+01 4.434266000000000219e+01 4.994716300000000331e+01 5.880031000000000319e+01 4.408319500000000346e+01 4.070570399999999722e+01 3.365226700000000193e+01 4.104872499999999746e+01 2.815424700000000158e+01 2.777261400000000080e+01 2.959517699999999962e+01 2.934965000000000046e+01 2.603278500000000051e+01 3.013858199999999954e+01 3.344731999999999772e+01 3.976346199999999698e+01 3.837557999999999936e+01 4.111032000000000153e+01 5.033088699999999704e+01 1.012074000000000069e+02 4.361477000000000004e+01 1.726545700000000139e+01 2.124561100000000025e+01 1.699429299999999898e+01 1.710605800000000087e+01 1.155848199999999970e+01 1.119831600000000016e+01 1.637776200000000060e+01 8.922750000000000625e+00 7.357114300000000107e+00 8.366944000000000159e+00 1.321444900000000011e+01 8.586793000000000120e+00 7.250474999999999781e+00 6.344692000000000220e+00 4.679604999999999571e+00 5.226846700000000290e+00 7.026494999999999713e+00 4.918700000000000294e+00 8.890897000000000716e+00 5.385555000000000092e+00 7.344565000000000232e+00 6.595525699999999603e+00 3.462883499999999781e+00 3.509635400000000072e+00 6.482656999999999670e+00 2.926016600000000079e+00 2.920426099999999803e+00 7.570134000000000363e+00 5.804556400000000060e+00 5.433678999999999704e+00 8.720798999999999523e+00 8.794730299999999890e-01 5.511172300000000135e+00 8.398436000000000234e+00 1.129667000000000066e+01 5.341935600000000228e+00 5.795058000000000042e+00 8.278171000000000390e+00 8.711926000000000059e+00 1.054378400000000049e+01 7.335882999999999932e+00 1.129117199999999954e+01 7.257381999999999778e+00 1.090429499999999940e+01 5.170232300000000336e+00 1.087649799999999978e+01 6.086109000000000435e+00 6.374919000000000224e+00 4.689193000000000389e+00 9.906634000000000384e+00 6.652291299999999907e+00 5.061929000000000123e+00 5.628514000000000017e+00
2.922610900000000100e+01 4.212816600000000022e+01 4.483493800000000107e+01 6.214605000000000246e+01 6.492467999999999506e+01 6.015406399999999820e+01 5.252929999999999922e+01 6.917462000000000444e+01 1.114905499999999989e+02 2.006306800000000123e+02 4.787101700000000051e+02 1.686906700000000001e+03 4.947914999999999850e+02 2.902008400000000279e+02 2.133458300000000065e+02 1.507686999999999955e+02 8.862784000000000617e+01 8.333327500000000043e+01 6.420260000000000389e+01 6.417556999999999334e+01 5.500686300000000273e+01 6.487291000000000452e+01 6.163006000000000029e+01 4.692432800000000270e+01 3.807479500000000172e+01 4.834229299999999796e+01 2.940625400000000056e+01 3.131953199999999882e+01 4.960973400000000311e+01 3.394256599999999935e+01 3.497189699999999846e+01 2.640372699999999995e+01 4.166004999999999825e+01 3.094115000000000038e+01 4.362243699999999791e+01 2.960674699999999859e+01 1.795510000000000161e+01 2.287911599999999979e+01 2.785148799999999980e+01 2.498919700000000077e+01 2.773261300000000062e+01 4.015527999999999764e+01 3.951359999999999673e+01 3.388700000000000045e+01 4.398173500000000047e+01 6.167696000000000112e+01 4.305105199999999854e+01 1.988268700000000067e+01 1.727024700000000124e+01 1.076372899999999966e+01 4.171579399999999715e+00 1.064848300000000059e+01 1.375556399999999968e+01 1.180826700000000073e+01 8.536426999999999765e+00 6.100100499999999926e+00 1.040609199999999923e+01 5.478334399999999604e+00 8.215014999999999290e+00 7.286885700000000021e+00 7.014210000000000278e+00 6.466770000000000351e+00 2.708627200000000013e+00 7.282461600000000423e+00 8.836330000000000240e+00 3.839492299999999858e+00 7.442325600000000208e+00 7.104644300000000356e+00 3.645756200000000113e+00 2.871225799999999939e+00 1.939993300000000032e+00 5.225742999999999583e+00 3.234782000000000046e+00 6.053627500000000161e+00 8.966749000000000080e+00 7.130085499999999854e+00 9.010593999999999326e+00 6.025658599999999865e+00 6.076741000000000170e+00 9.308343000000000700e+00 7.385535199999999634e+00 4.929765999999999870e+00 6.459292399999999823e+00 8.008219999999999672e+00 8.799727999999999994e+00 7.408649399999999829e+00 9.106567999999999330e+00 2.252776400000000123e+00 6.687140499999999932e+00 5.571673999999999793e+00 6.458014999999999617e+00 1.122749600000000036e+01 7.014134999999999565e+00 7.208935699999999613e+00 5.034018999999999799e+00 7.560022400000000253e+00 1.026752199999999959e+01 1.011211899999999986e+01 1.165850900000000046e+01 8.889224999999999710e+00
2.806665599999999827e+01 3.016310700000000011e+01 4.005473700000000292e+01 7.189216999999999302e+01 6.900671400000000233e+01 5.624013500000000221e+01 6.957459000000000060e+01 7.825203999999999382e+01 1.337994999999999948e+02 1.507342199999999934e+02 2.333101800000000026e+02 4.947914999999999850e+02 1.634180800000000090e+03 5.735357000000000198e+02 1.946773000000000025e+02 9.476229999999999620e+01 1.072408800000000042e+02 1.065702799999999968e+02 7.469808999999999344e+01 7.763930999999999472e+01 8.122960999999999387e+01 6.633326999999999884e+01 7.358059000000000083e+01 4.223048000000000002e+01 4.324431599999999776e+01 4.326540399999999664e+01 2.463366699999999909e+01 4.481376999999999811e+01 4.624743300000000090e+01 4.102993399999999724e+01 3.937636599999999731e+01 2.175209399999999960e+01 2.512087400000000059e+01 1.645679700000000167e+01 2.233941799999999844e+01 3.061928599999999889e+01 1.691119600000000034e+01 2.385362999999999900e+01 2.083146299999999940e+01 2.254741100000000031e+01 1.843782200000000060e+01 1.791505199999999931e+01 2.696164699999999925e+01 3.280033499999999691e+01 2.754087600000000080e+01 4.418195000000000050e+01 2.810176799999999986e+01 2.181111299999999886e+01 1.808414300000000097e+01 8.782591999999999288e+00 1.386721799999999938e+01 8.495478999999999559e+00 5.144222700000000259e+00 1.079462799999999945e+01 7.567173000000000371e+00 9.125113999999999947e+00 8.071481999999999601e+00 8.195017999999999248e+00 7.282256000000000284e+00 4.541842499999999561e+00 7.869395700000000105e+00 8.867480000000000473e+00 6.302837399999999590e+00 3.227793999999999830e+00 6.778578999999999688e+00 9.189568500000000029e+00 5.772637399999999808e+00 1.113389399999999974e+01 7.271562000000000303e+00 7.635652499999999954e+00 8.706082999999999572e+00 6.700428999999999746e+00 8.871309999999999363e+00 1.006177300000000052e+01 8.942214999999999137e+00 7.110576599999999914e+00 9.734769000000000005e+00 6.009172000000000402e+00 7.272137599999999757e+00 9.282873999999999626e+00 9.469706999999999653e+00 4.096898000000000373e+00 9.202311999999999159e+00 1.197946300000000086e+01 5.265390400000000248e+00 7.388378600000000240e+00 4.540826000000000029e+00 4.493224999999999802e+00 4.445895700000000339e+00 5.556428999999999618e+00 5.366953999999999780e+00 8.143110000000000070e+00 2.997832799999999853e+00 4.792807599999999724e+00 5.020245000000000068e+00 4.308192700000000208e+00 5.688571500000000114e+00 4.583841299999999563e+00 5.813304999999999723e+00 2.216225899999999971e+00
3.221464000000000283e+01 3.750601000000000340e+01 3.783685299999999785e+01 5.822570799999999736e+01 6.709086999999999534e+01 5.827601599999999848e+01 7.328059399999999357e+01 7.767064999999999486e+01 1.288794100000000071e+02 1.621408800000000099e+02 2.355325499999999863e+02 2.902008400000000279e+02 5.735357000000000198e+02 1.487566900000000032e+03 4.206453599999999824e+02 1.927194800000000043e+02 1.387205500000000029e+02 1.385923300000000040e+02 1.034977300000000042e+02 7.914525000000000432e+01 6.558709000000000344e+01 8.485742999999999370e+01 7.032404999999999973e+01 5.960714699999999766e+01 4.983718499999999807e+01 3.893945000000000078e+01 3.695105699999999871e+01 3.602309000000000339e+01 3.922883000000000209e+01 3.571277599999999808e+01 2.984358999999999895e+01 2.657290300000000016e+01 2.803256999999999977e+01 2.472616599999999920e+01 1.851848000000000027e+01 2.266264200000000173e+01 2.638814400000000049e+01 2.149315299999999951e+01 2.686202600000000018e+01 2.852821399999999841e+01 3.141755099999999956e+01 2.271307799999999943e+01 2.578860299999999839e+01 3.790143199999999979e+01 3.466819999999999879e+01 5.816921599999999870e+01 3.688412499999999739e+01 2.218975000000000009e+01 1.499102800000000002e+01 1.213402600000000042e+01 4.598146400000000078e+00 7.922711399999999848e+00 7.817981999999999765e+00 8.948313000000000628e+00 6.272882499999999695e+00 3.361934999999999896e+00 3.823390700000000031e+00 9.812602999999999298e+00 6.036698000000000341e+00 6.777008999999999617e+00 5.798588999999999771e+00 7.350785000000000124e+00 5.224798999999999971e+00 9.364990000000000592e+00 8.428755000000000663e+00 1.015704400000000085e+01 6.836121000000000336e+00 6.712400399999999934e+00 6.027833000000000219e+00 6.329649400000000092e+00 5.613216999999999679e+00 6.788694399999999796e+00 4.679793000000000092e+00 8.340806000000000608e+00 8.648192999999999131e+00 8.841573999999999600e+00 4.965989000000000431e+00 4.981361999999999846e+00 5.023591500000000210e+00 6.296015299999999648e+00 6.977783699999999811e+00 4.754629600000000345e+00 3.814173700000000000e+00 7.282361500000000376e+00 6.547195999999999572e+00 8.421419999999999462e+00 6.022659299999999938e+00 7.449406599999999656e+00 5.528203500000000048e+00 3.684845199999999821e+00 3.559191499999999841e+00 4.218944500000000097e+00 7.455249000000000237e+00 7.946089699999999922e+00 5.201977300000000248e+00 7.142637299999999634e+00 4.715596999999999817e+00 9.119569000000000258e+00 5.782795400000000363e+00 2.755743299999999785e+00
2.489029299999999978e+01 4.427787399999999707e+01 4.108875299999999697e+01 6.792991999999999564e+01 7.601183000000000334e+01 5.074271800000000354e+01 6.728688999999999965e+01 6.296464499999999731e+01 1.530262800000000141e+02 2.356615400000000022e+02 2.925601199999999835e+02 2.133458300000000065e+02 1.946773000000000025e+02 4.206453599999999824e+02 1.546383000000000038e+03 4.015303999999999860e+02 2.138367900000000077e+02 1.362414599999999893e+02 1.080482300000000038e+02 1.030768000000000058e+02 8.883575000000000443e+01 8.127676999999999907e+01 9.198881500000000244e+01 7.666267399999999554e+01 8.036068000000000211e+01 5.204834000000000316e+01 5.174248999999999654e+01 5.309418999999999755e+01 5.606700500000000176e+01 5.655726200000000148e+01 4.398626300000000100e+01 3.443131300000000294e+01 3.874416000000000082e+01 2.680918000000000134e+01 2.593139000000000038e+01 2.631074299999999866e+01 3.091519200000000112e+01 2.287358000000000047e+01 2.900495000000000090e+01 2.855217400000000083e+01 4.210229999999999961e+01 4.014556999999999931e+01 2.910824200000000062e+01 3.985741800000000268e+01 3.988076000000000221e+01 5.384572599999999909e+01 3.130228200000000172e+01 1.590230299999999986e+01 1.208624799999999944e+01 1.663082999999999956e+01 1.668228099999999969e+01 6.387544600000000017e+00 1.375223599999999990e+01 1.180541000000000018e+01 1.043088599999999921e+01 1.016437499999999972e+01 4.623810999999999893e+00 7.302679000000000364e+00 6.387910999999999895e+00 6.374482999999999677e+00 9.642205999999999833e+00 3.232603000000000115e+00 6.318601600000000040e+00 2.426900100000000116e+00 5.436425999999999981e+00 3.070850800000000103e+00 4.960350499999999663e+00 6.088222000000000023e+00 3.644874600000000076e+00 1.913687499999999986e+00 2.909285999999999817e+00 6.717187400000000252e+00 5.659499000000000279e+00 7.060857300000000336e+00 5.229338600000000170e+00 1.158358699999999963e+01 8.257713999999999999e+00 3.012100699999999964e+00 1.093548900000000046e+01 4.230041499999999566e+00 2.109642500000000087e+00 1.067857599999999962e+01 1.199292799999999914e+01 5.604397999999999769e+00 4.398799999999999599e+00 6.481000400000000106e+00 6.373056000000000054e+00 4.504463000000000328e+00 1.114253899999999931e+01 8.912521999999999167e+00 4.304301699999999897e+00 6.122607699999999653e+00 5.008884400000000348e+00 7.207192400000000276e+00 7.549202000000000190e+00 5.398710000000000342e+00 7.983918700000000257e+00 8.271549999999999514e+00 8.158981999999999957e+00 7.776190800000000181e+00
2.827710499999999882e+01 3.847992700000000355e+01 3.549199000000000126e+01 4.722789000000000215e+01 5.477660000000000196e+01 5.245512399999999786e+01 3.411102300000000298e+01 5.639425299999999908e+01 1.009726100000000031e+02 1.399486799999999960e+02 1.567769199999999898e+02 1.507686999999999955e+02 9.476229999999999620e+01 1.927194800000000043e+02 4.015303999999999860e+02 1.851941800000000057e+03 4.321800000000000068e+02 1.618152200000000107e+02 1.181651300000000049e+02 1.136805899999999951e+02 1.218401199999999989e+02 1.228603899999999953e+02 9.482592999999999961e+01 9.105295599999999467e+01 8.288654999999999973e+01 7.064946999999999377e+01 6.285173000000000343e+01 5.659271199999999880e+01 5.634647999999999968e+01 5.251751999999999754e+01 4.956376300000000157e+01 4.089438599999999724e+01 4.256553300000000206e+01 4.776225999999999772e+01 3.639875800000000083e+01 3.645776000000000039e+01 2.605811699999999931e+01 3.457638500000000192e+01 2.480359999999999943e+01 3.532466500000000309e+01 3.658923300000000012e+01 2.760493900000000167e+01 3.827627999999999986e+01 3.905469000000000079e+01 4.979580700000000348e+01 5.157504999999999740e+01 2.416570499999999910e+01 2.242867999999999995e+01 1.845636199999999860e+01 8.133418999999999954e+00 1.486027299999999940e+01 6.322120700000000149e+00 1.327109600000000000e+01 8.179147000000000389e+00 7.883819599999999816e+00 1.207232100000000052e+01 2.745871000000000173e+00 6.505093999999999710e+00 1.409010600000000046e+01 6.489455699999999716e+00 6.246619700000000108e+00 5.759088000000000207e+00 3.216282999999999781e+00 2.882451500000000166e+00 4.035557999999999979e+00 3.647277599999999786e+00 7.855271300000000068e+00 2.410345799999999983e+00 1.082262599999999964e+00 3.409355999999999831e+00 8.062566999999999595e+00 6.205161600000000277e+00 1.920525299999999991e+00 3.594104800000000211e+00 7.098209400000000002e+00 5.291511999999999993e+00 8.916147000000000489e+00 7.154999000000000109e+00 4.329393399999999836e+00 1.004811799999999922e+00 8.769745999999999597e+00 4.878093200000000351e+00 9.861306000000000793e+00 8.558222000000000662e+00 5.224495000000000111e+00 7.697542999999999580e+00 5.406668999999999947e+00 6.687490000000000379e+00 9.263866000000000156e+00 2.646370999999999807e+00 6.390323000000000420e+00 1.333177500000000038e+01 9.518556999999999491e+00 8.560048000000000101e+00 4.483127999999999780e+00 8.976934999999999221e+00 5.418612999999999680e+00 6.549464000000000397e+00 9.690497999999999834e+00 7.916445300000000351e+00
