7.979791000000000167e+03 1.672167400000000043e+03 9.147945600000000468e+02 5.880569500000000289e+02 3.637959000000000174e+02 3.461021400000000199e+02 9.433332000000000050e+01 9.451854000000000156e+01 6.419460999999999729e+01 8.244759000000000526e+01 8.477795399999999404e+01 8.699504000000000303e+01 1.463395500000000027e+02 1.426350400000000036e+02 1.669581499999999892e+02 1.416320800000000020e+02 4.656398399999999782e+01 4.188878600000000318e+01 3.927459000000000344e+01 2.790726000000000084e+01 2.757055000000000078e+01 3.222625399999999729e+01 3.301483999999999952e+01 4.463154999999999717e+01 4.193051499999999976e+01 2.943720199999999920e+01 4.444013999999999953e+01 4.585583499999999901e+01 4.621860499999999661e+01 5.474617800000000045e+01 4.393388000000000204e+01 5.366404699999999650e+01 7.054922000000000537e+01 7.602084000000000685e+01 7.818502999999999759e+01 1.446779200000000003e+02 1.313120399999999961e+02 1.620438800000000015e+02 1.757965199999999868e+02 1.672154700000000105e+02 1.962748100000000022e+02 2.169257499999999936e+02 3.060232199999999807e+02 2.213437500000000000e+02 1.593229699999999980e+02 1.123606999999999942e+02 9.626191000000000031e+01 5.755006800000000311e+01 3.781669600000000031e+01 2.950887099999999919e+01 3.333679599999999965e+01 5.251805999999999841e+01 4.505559000000000225e+01 5.985339700000000107e+01 6.387419500000000028e+01 4.687714799999999826e+01 7.192699000000000353e+01 7.624099999999999966e+01 5.125144999999999840e+01 3.973640000000000327e+01 1.180884099999999926e+01 1.069886799999999916e+01 4.310013299999999603e+00 8.079504999999999271e+00 1.033160200000000017e+01 7.732289999999999885e+00 2.490196399999999954e+01 2.370449299999999937e+01 1.924267800000000150e+01 1.720497999999999905e+01 2.246862799999999893e+01 1.727538900000000055e+01 2.679155300000000040e+01 3.151144199999999884e+01 2.108854699999999838e+01 2.242639700000000147e+01 3.823418999999999812e+01 1.706200400000000172e+01 2.039785799999999938e+01 2.989142400000000066e+01 3.099191499999999877e+01 1.531572500000000048e+01 2.133124000000000109e+01 2.277934799999999882e+01 3.872842800000000096e+01 2.928079400000000021e+01 2.542089500000000157e+01 3.284244000000000341e+01 1.204710200000000064e+01 1.661404999999999887e+01 3.707103699999999691e+01 5.232078599999999824e+01 3.867206600000000094e+01 3.939413499999999857e+01 3.701176000000000244e+01 2.890101999999999904e+01 2.134651799999999966e+01 2.237402700000000166e+01 1.736018599999999878e+01 1.225481699999999918e+01
1.672167400000000043e+03 8.582560999999999694e+03 2.242764400000000023e+03 9.972572999999999865e+02 7.527492700000000241e+02 5.795456500000000233e+02 2.155815100000000086e+02 1.958731799999999907e+02 1.419908800000000042e+02 1.612907700000000091e+02 1.628725100000000054e+02 1.888985099999999875e+02 2.170690800000000138e+02 2.297890600000000063e+02 2.240833900000000085e+02 1.891838700000000131e+02 8.254509000000000185e+01 6.333556999999999704e+01 6.329771999999999821e+01 6.305693000000000126e+01 5.840262200000000092e+01 5.089518999999999949e+01 5.996498499999999865e+01 8.070180999999999472e+01 8.835787000000000546e+01 8.408102399999999932e+01 8.284093500000000176e+01 8.403112000000000137e+01 6.793082400000000121e+01 7.005294000000000665e+01 8.189721000000000117e+01 7.707632399999999961e+01 1.004103549999999956e+02 9.804394000000000631e+01 1.129931799999999953e+02 1.832538499999999999e+02 1.644316699999999969e+02 1.644583000000000084e+02 1.836064000000000078e+02 2.021065399999999954e+02 1.924003899999999874e+02 2.491389200000000130e+02 3.476230499999999779e+02 2.891854000000000156e+02 2.038376199999999869e+02 1.204347599999999971e+02 1.179190140000000042e+02 6.931884999999999764e+01 5.328046799999999905e+01 6.084166299999999694e+01 4.882677499999999782e+01 6.003240199999999760e+01 6.338732000000000255e+01 6.179417399999999816e+01 7.255705000000000382e+01 8.465301999999999794e+01 8.356991600000000631e+01 6.229959499999999650e+01 5.264333299999999838e+01 4.673633600000000143e+01 3.047936999999999941e+01 1.163386900000000068e+01 1.044459200000000010e+01 1.054271199999999986e+01 9.629578000000000415e+00 2.162065899999999985e+01 2.763082700000000003e+01 1.767503400000000013e+01 4.483787999999999840e+01 2.290845099999999945e+01 2.367345399999999955e+01 1.771169499999999886e+01 2.927644700000000100e+01 2.633195999999999870e+01 2.649232500000000101e+01 3.800462000000000273e+01 2.344487200000000016e+01 2.092454299999999989e+01 1.735863499999999959e+01 3.184037199999999856e+01 3.631387699999999796e+01 2.299866499999999903e+01 2.679720500000000172e+01 2.198977700000000013e+01 3.158475500000000125e+01 3.216461000000000325e+01 3.685665500000000350e+01 3.323460800000000148e+01 2.526414899999999975e+01 3.015527000000000157e+01 3.141099000000000174e+01 3.062027700000000152e+01 3.491794199999999648e+01 2.807796000000000092e+01 2.723434800000000067e+01 3.428372999999999848e+01 2.463318999999999903e+01 2.168787800000000132e+01 1.415800199999999975e+01 2.460146999999999906e+01
9.147945600000000468e+02 2.242764400000000023e+03 7.957648000000000138e+03 2.251296600000000126e+03 1.334200399999999945e+03 1.307862200000000030e+03 3.183059000000000083e+02 2.516294599999999946e+02 2.021055599999999970e+02 2.328108400000000131e+02 2.214623699999999928e+02 2.108204700000000003e+02 2.789120800000000031e+02 3.034072300000000268e+02 3.064405199999999923e+02 3.044644000000000119e+02 1.155541900000000055e+02 7.764908599999999694e+01 9.492652999999999963e+01 8.108399000000000001e+01 8.250885999999999854e+01 9.097981000000000051e+01 9.009472999999999843e+01 1.146855240000000009e+02 9.876035000000000252e+01 9.468909999999999627e+01 1.096970000000000027e+02 1.177420299999999997e+02 8.436853999999999587e+01 1.032028300000000058e+02 1.112078099999999949e+02 1.155595859999999959e+02 1.023788700000000063e+02 1.245900599999999940e+02 1.701440599999999961e+02 2.480925300000000107e+02 2.268177599999999927e+02 2.658537000000000035e+02 2.115905500000000075e+02 2.223898800000000051e+02 2.638985299999999938e+02 3.016351300000000037e+02 3.796090699999999742e+02 2.956339399999999955e+02 2.049453599999999938e+02 9.785692000000000235e+01 1.046029599999999959e+02 6.281972499999999826e+01 4.806421000000000276e+01 5.401458399999999926e+01 4.337917000000000201e+01 5.035475499999999727e+01 5.379583000000000226e+01 6.091950599999999838e+01 6.315695999999999799e+01 5.150086000000000297e+01 5.573819000000000301e+01 6.208536000000000143e+01 4.914032000000000266e+01 5.079946000000000339e+01 1.916101300000000052e+01 1.196785799999999966e+01 9.091449000000000780e+00 7.746697000000000166e+00 1.066802900000000065e+01 1.153255300000000005e+01 2.387621299999999991e+01 1.818245299999999887e+01 2.767505999999999844e+01 1.649627999999999872e+01 2.060645099999999985e+01 1.490741000000000049e+01 2.214479800000000154e+01 2.500422299999999964e+01 2.989025099999999924e+01 2.443479200000000162e+01 2.218850099999999870e+01 1.980323200000000128e+01 2.465962800000000144e+01 3.480160999999999660e+01 3.396034999999999826e+01 3.263298999999999950e+01 2.934499399999999980e+01 2.028095599999999976e+01 2.413654299999999964e+01 2.707200399999999973e+01 3.249835600000000113e+01 2.249257899999999921e+01 2.310172499999999829e+01 2.515214299999999881e+01 2.369601400000000169e+01 2.799940899999999999e+01 2.317443799999999854e+01 2.444033400000000000e+01 2.895007499999999823e+01 1.595455399999999990e+01 2.436573800000000034e+01 1.458763599999999983e+01 1.768541000000000096e+01 1.626925999999999917e+01
5.880569500000000289e+02 9.972572999999999865e+02 2.251296600000000126e+03 8.821231999999999971e+03 2.479605500000000120e+03 1.342419399999999996e+03 3.660009000000000015e+02 2.780352500000000191e+02 2.381799499999999910e+02 2.464426400000000115e+02 2.306327200000000062e+02 2.385092500000000086e+02 2.901331999999999880e+02 3.232996499999999855e+02 3.213760399999999890e+02 3.120079000000000065e+02 1.332193599999999947e+02 9.054851999999999634e+01 1.127545850000000058e+02 9.749573499999999626e+01 9.932940000000000680e+01 9.997729499999999803e+01 1.067443600000000004e+02 9.888933000000000106e+01 9.934135399999999549e+01 1.128966700000000003e+02 1.064534900000000022e+02 1.057041200000000032e+02 8.725942000000000576e+01 8.441030999999999551e+01 1.036748000000000047e+02 1.109312699999999978e+02 1.339545400000000086e+02 1.313682900000000018e+02 1.598296400000000119e+02 2.138404999999999916e+02 2.211931600000000060e+02 2.010870799999999861e+02 2.167308999999999912e+02 2.069648899999999969e+02 2.011651899999999955e+02 2.805715599999999768e+02 3.548738399999999729e+02 2.724886799999999880e+02 2.058907499999999970e+02 1.281885200000000111e+02 1.040418549999999982e+02 7.575799000000000660e+01 5.227949999999999875e+01 5.557251999999999725e+01 5.647730599999999868e+01 6.604452999999999463e+01 6.125410000000000110e+01 4.893277400000000199e+01 6.472175599999999918e+01 5.981377400000000222e+01 5.235924500000000137e+01 4.233022299999999660e+01 4.710341600000000284e+01 3.919849800000000073e+01 2.209021999999999863e+01 1.686352000000000118e+01 1.475144399999999933e+01 1.819269800000000004e+01 1.360035599999999967e+01 1.625014499999999984e+01 1.388449300000000086e+01 8.540100999999999942e+00 3.466313600000000150e+01 2.435124599999999973e+01 2.375663000000000125e+01 1.322571399999999997e+01 2.163443799999999939e+01 1.761631799999999970e+01 2.064577500000000043e+01 1.560838999999999999e+01 2.356210099999999841e+01 2.022035599999999889e+01 2.556107000000000085e+01 2.307661799999999985e+01 2.711637500000000145e+01 2.758924999999999983e+01 2.506004499999999879e+01 2.271523900000000040e+01 1.656898299999999935e+01 1.977955199999999891e+01 2.459220300000000137e+01 2.535484900000000152e+01 2.350969699999999918e+01 2.362737800000000021e+01 2.428311499999999867e+01 2.082244499999999832e+01 3.047738999999999976e+01 2.713303200000000004e+01 2.280876999999999910e+01 2.445306400000000124e+01 1.922646100000000047e+01 1.934584600000000165e+01 1.954504599999999925e+01 1.613204599999999900e+01
3.637959000000000174e+02 7.527492700000000241e+02 1.334200399999999945e+03 2.479605500000000120e+03 9.892764999999999418e+03 1.953958699999999908e+03 4.003998000000000275e+02 3.480529799999999909e+02 3.279235800000000154e+02 2.722082500000000209e+02 2.750494699999999852e+02 2.667725800000000049e+02 2.602827500000000214e+02 2.406338800000000049e+02 2.699409499999999866e+02 2.508616299999999910e+02 1.713339699999999937e+02 1.565804699999999912e+02 1.654778900000000021e+02 1.307394400000000019e+02 1.275373459999999994e+02 1.375215100000000064e+02 1.456880999999999915e+02 1.215083800000000025e+02 1.311717399999999998e+02 1.237216949999999969e+02 1.360647099999999909e+02 1.231789299999999940e+02 1.304958300000000122e+02 1.172874000000000052e+02 1.290068400000000111e+02 1.231749200000000002e+02 1.242142699999999991e+02 1.289233900000000119e+02 1.546031600000000026e+02 1.569036700000000053e+02 1.354734799999999950e+02 1.330484999999999900e+02 1.115283359999999959e+02 1.311176000000000101e+02 1.250334900000000005e+02 1.779323400000000106e+02 2.808132299999999759e+02 2.199144900000000007e+02 1.789664799999999900e+02 9.013109000000000037e+01 1.034021099999999933e+02 1.144960099999999983e+02 7.097401999999999589e+01 7.216438999999999737e+01 7.640398000000000422e+01 5.491789599999999893e+01 5.951296200000000169e+01 6.177756000000000114e+01 3.590487300000000204e+01 4.273056799999999811e+01 3.161470800000000025e+01 4.468117500000000319e+01 2.847569299999999970e+01 5.059506199999999865e+01 4.062823999999999813e+01 2.687351599999999863e+01 2.849664500000000089e+01 2.592417100000000119e+01 2.704572299999999885e+01 3.257889999999999731e+01 2.882441700000000040e+01 2.765783100000000161e+01 1.870991100000000174e+01 9.559217999999999549e+00 1.614744599999999863e+01 2.183621799999999880e+01 2.155844099999999841e+01 1.690427199999999885e+01 1.872165899999999894e+01 1.982316600000000051e+01 1.271797300000000064e+01 3.492549999999999955e+01 3.190543399999999963e+01 1.245592700000000086e+01 2.841191699999999898e+01 3.061068200000000061e+01 2.795478400000000008e+01 3.559606600000000043e+01 1.976948700000000159e+01 1.525184199999999990e+01 3.204065299999999894e+01 2.645889000000000024e+01 3.806906000000000034e+01 2.210555799999999849e+01 2.075298899999999946e+01 1.774611499999999964e+01 1.527555399999999963e+01 2.253143499999999833e+01 1.231135199999999941e+01 2.554622300000000124e+01 1.680207300000000004e+01 1.305273799999999973e+01 1.687953800000000015e+01 2.199788699999999864e+01
3.461021400000000199e+02 5.795456500000000233e+02 1.307862200000000030e+03 1.342419399999999996e+03 1.953958699999999908e+03 6.708310000000000400e+03 1.664102900000000091e+03 1.044112200000000030e+03 1.010545799999999986e+03 7.822148399999999810e+02 6.550823000000000320e+02 6.354913000000000238e+02 6.109664299999999457e+02 5.773799400000000333e+02 5.381612999999999829e+02 8.573849000000000160e+02 4.148300500000000284e+02 3.613113000000000170e+02 3.784365799999999922e+02 3.696603400000000192e+02 3.182243000000000279e+02 3.044325999999999794e+02 2.771432500000000232e+02 2.606635999999999740e+02 2.537834300000000098e+02 2.807404199999999719e+02 2.675375000000000227e+02 2.586790199999999800e+02 2.587444499999999721e+02 2.389860999999999933e+02 2.111679200000000094e+02 2.273793200000000070e+02 1.928048100000000034e+02 2.180497699999999952e+02 4.142756999999999721e+02 2.733465299999999729e+02 2.599871200000000044e+02 1.872318999999999960e+02 1.639500999999999920e+02 1.575154400000000123e+02 1.524242600000000039e+02 2.536005000000000109e+02 3.885392800000000193e+02 2.322898099999999886e+02 1.417954000000000008e+02 8.576440999999999804e+01 7.981580999999999904e+01 6.985608999999999469e+01 4.227109500000000253e+01 4.298006399999999871e+01 3.959038999999999930e+01 4.043876300000000157e+01 3.700552700000000073e+01 2.505239500000000064e+01 2.986839700000000164e+01 2.302744900000000072e+01 1.787111000000000161e+01 1.420723199999999942e+01 2.181676900000000074e+01 2.831429299999999927e+01 2.141853700000000060e+01 1.859674499999999853e+01 1.250780499999999940e+01 8.792623999999999995e+00 1.081105600000000067e+01 9.349736000000000047e+00 5.376960300000000359e+00 1.289835799999999999e+01 3.490181700000000120e+01 1.114496399999999987e+01 1.151713849999999972e+01 2.193352300000000099e+01 1.172952650000000041e+01 6.897962999999999845e+00 1.330427800000000005e+01 1.201801400000000086e+01 1.094969700000000046e+01 1.954520399999999825e+01 2.091137499999999960e+01 8.713319000000000258e+00 1.365154599999999974e+01 2.006277000000000044e+01 1.850390799999999913e+01 1.401810700000000054e+01 8.780564000000000036e+00 1.517390299999999925e+01 8.538460999999999856e+00 1.616864199999999840e+01 1.274623500000000043e+01 2.220406499999999994e+01 1.018763399999999919e+01 1.103464400000000012e+01 1.424765099999999940e+01 1.365993100000000027e+01 1.413281500000000079e+01 1.270783999999999914e+01 1.106220000000000070e+01 1.785580300000000165e+01 9.839814000000000505e+00 1.111371800000000043e+01
9.433332000000000050e+01 2.155815100000000086e+02 3.183059000000000083e+02 3.660009000000000015e+02 4.003998000000000275e+02 1.664102900000000091e+03 8.875772999999999229e+03 3.023647199999999884e+03 1.569255200000000059e+03 1.046377799999999979e+03 9.403785000000000309e+02 7.722151000000000067e+02 6.299258999999999560e+02 5.963077399999999670e+02 5.356589000000000169e+02 7.216991000000000440e+02 3.771635699999999929e+02 3.366931799999999839e+02 3.205471800000000258e+02 3.091610999999999763e+02 3.143427399999999921e+02 2.847222300000000246e+02 2.454459999999999980e+02 2.622737399999999752e+02 2.262833100000000002e+02 2.440174599999999998e+02 2.007991499999999974e+02 2.321312000000000069e+02 2.266780200000000036e+02 2.015533299999999883e+02 1.934174199999999928e+02 2.013287400000000105e+02 1.867463199999999972e+02 2.057243300000000090e+02 2.538575299999999970e+02 1.861607799999999884e+02 1.982912800000000004e+02 1.291998600000000010e+02 1.245284500000000065e+02 1.098434699999999964e+02 1.061029000000000053e+02 1.764583100000000115e+02 1.965986200000000110e+02 1.377809900000000027e+02 9.020291000000000281e+01 4.358274999999999721e+01 6.223051999999999850e+01 7.297794000000000381e+01 4.178798299999999699e+01 4.335596499999999764e+01 4.233284400000000147e+01 5.284886999999999802e+01 3.462281000000000120e+01 2.857364499999999907e+01 2.419500199999999879e+01 2.556960000000000122e+01 2.006450800000000001e+01 1.620413599999999832e+01 1.217114699999999949e+01 2.201865000000000094e+01 2.730648599999999959e+01 2.853058800000000161e+01 1.922545399999999916e+01 1.723644300000000129e+01 2.157856400000000008e+01 1.749545000000000172e+01 1.724828000000000117e+01 4.597279000000000337e+00 1.865974399999999989e+01 1.430038099999999979e+01 1.799875600000000020e+01 1.172643799999999992e+01 1.612547899999999856e+01 1.159052699999999980e+01 1.511499300000000012e+01 7.908006000000000313e+00 8.781141999999999115e+00 1.219115000000000038e+01 1.805993499999999941e+01 1.345773999999999937e+01 6.869269400000000303e+00 1.155136399999999952e+01 1.798698800000000020e+01 1.262244300000000052e+01 1.126656000000000013e+01 1.622501000000000104e+01 6.390948299999999804e+00 1.546879700000000035e+01 1.460268800000000056e+01 2.035041999999999973e+01 1.089333899999999922e+01 5.899510399999999599e+00 7.031352000000000046e+00 7.864857699999999952e+00 1.227834099999999928e+01 1.188960550000000005e+01 1.281419400000000053e+01 1.214989100000000022e+01 9.469281999999999755e+00 1.919653999999999883e+01
9.451854000000000156e+01 1.958731799999999907e+02 2.516294599999999946e+02 2.780352500000000191e+02 3.480529799999999909e+02 1.044112200000000030e+03 3.023647199999999884e+03 9.202808000000000902e+03 2.517227800000000116e+03 1.240805000000000064e+03 9.531874000000000251e+02 7.974664000000000215e+02 6.580207000000000335e+02 6.305774499999999989e+02 5.773982999999999493e+02 6.962801500000000487e+02 3.513666400000000181e+02 3.382201800000000276e+02 3.078477800000000002e+02 3.090862999999999943e+02 2.775156999999999812e+02 2.867617200000000253e+02 2.393303999999999974e+02 2.197379200000000026e+02 2.136123699999999985e+02 2.276340600000000052e+02 1.860056800000000123e+02 2.264172199999999862e+02 2.006459199999999896e+02 1.685722399999999936e+02 1.926891500000000121e+02 1.910304099999999892e+02 1.649999799999999937e+02 1.862463799999999878e+02 2.644168700000000172e+02 1.914151999999999987e+02 1.670176999999999907e+02 1.303220200000000091e+02 1.139220100000000002e+02 9.161558999999999742e+01 9.094401600000000485e+01 1.580382700000000114e+02 1.901838700000000131e+02 1.527378400000000056e+02 7.446429999999999438e+01 5.234004600000000096e+01 6.110186000000000206e+01 5.805770499999999856e+01 5.010585999999999984e+01 4.421748399999999890e+01 5.204774499999999904e+01 3.728193300000000221e+01 3.381210000000000093e+01 2.573631500000000116e+01 2.789435800000000043e+01 1.574739600000000017e+01 1.906510000000000105e+01 2.020857799999999926e+01 1.124365799999999993e+01 2.644296500000000094e+01 3.124722500000000025e+01 2.971090099999999978e+01 2.038584900000000033e+01 1.910754800000000131e+01 1.366916100000000078e+01 1.292978199999999944e+01 1.657124699999999962e+01 5.096338000000000257e+00 2.068535800000000080e+01 1.585276299999999949e+01 1.050137699999999974e+01 1.392793299999999945e+01 4.965551399999999838e+00 9.344538000000000011e+00 1.478453350000000022e+01 9.862270000000000536e+00 7.571185599999999738e+00 1.351456400000000002e+01 2.383385300000000129e+01 1.032829599999999992e+01 1.522992999999999952e+01 1.737865599999999944e+01 1.894259299999999868e+01 1.486721900000000041e+01 1.248960499999999918e+01 8.993159999999999599e+00 1.214523400000000031e+01 1.311318900000000021e+01 2.590061999999999998e+01 2.067960199999999915e+01 6.037934299999999865e+00 1.046389399999999981e+01 1.299107100000000070e+00 9.964147999999999783e+00 8.376136000000000692e+00 7.531591399999999936e+00 1.201981999999999928e+01 1.346882599999999996e+01 1.049722299999999997e+01 1.824036600000000163e+01
6.419460999999999729e+01 1.419908800000000042e+02 2.021055599999999970e+02 2.381799499999999910e+02 3.279235800000000154e+02 1.010545799999999986e+03 1.569255200000000059e+03 2.517227800000000116e+03 8.515800999999999476e+03 2.349808300000000145e+03 1.292838600000000042e+03 1.050715099999999893e+03 8.902439000000000533e+02 6.647191000000000258e+02 6.293432599999999866e+02 8.639841300000000501e+02 4.292643400000000042e+02 4.309787600000000225e+02 3.964274599999999964e+02 3.794106800000000135e+02 3.277649000000000115e+02 3.108416399999999840e+02 2.705399199999999951e+02 2.788713999999999942e+02 2.511636499999999899e+02 2.820752600000000143e+02 2.537529000000000110e+02 2.643095400000000268e+02 2.849639999999999986e+02 2.224076799999999992e+02 2.151095100000000002e+02 2.198748600000000124e+02 1.874968100000000106e+02 1.883344299999999976e+02 3.122447999999999979e+02 1.747944500000000119e+02 1.375847200000000043e+02 1.290982500000000073e+02 8.045700999999999681e+01 1.027684600000000046e+02 9.243522000000000105e+01 1.284755999999999858e+02 1.704456000000000131e+02 1.158376599999999996e+02 8.818686999999999898e+01 4.411874799999999652e+01 5.728318800000000266e+01 5.078701399999999921e+01 5.134783600000000092e+01 4.488145000000000095e+01 5.122090500000000191e+01 4.567488999999999777e+01 2.873551199999999994e+01 1.792095799999999883e+01 1.635677099999999839e+01 1.100385400000000047e+01 1.715734700000000146e+01 1.390724849999999968e+01 1.071376799999999996e+01 3.198050699999999935e+01 3.721826000000000079e+01 2.100470500000000129e+01 2.383990500000000168e+01 1.820704999999999885e+01 3.012022599999999883e+01 2.640091699999999975e+01 1.214636899999999997e+01 0.000000000000000000e+00 9.855249999999999844e+00 1.007043700000000008e+01 1.400905700000000031e+01 2.034969299999999848e+01 1.419460600000000028e+01 1.224320499999999967e+01 1.972287800000000146e+01 4.176658599999999666e+00 6.183747300000000280e+00 1.563714700000000057e+01 1.635164299999999926e+01 8.748039000000000343e+00 5.442065699999999673e+00 1.830275699999999972e+01 1.804986800000000002e+01 9.166596000000000188e+00 1.289274499999999968e+01 1.071166499999999999e+01 7.715235999999999983e+00 1.249519199999999941e+01 1.953831500000000077e+01 1.701796699999999873e+01 1.035608200000000068e+01 3.739032299999999864e+00 9.903062999999999505e+00 5.934098999999999791e+00 1.296975199999999973e+01 1.166204549999999962e+01 1.874184800000000095e+01 8.250472999999999502e+00 5.556950600000000406e+00 1.448394700000000057e+01
8.244759000000000526e+01 1.612907700000000091e+02 2.328108400000000131e+02 2.464426400000000115e+02 2.722082500000000209e+02 7.822148399999999810e+02 1.046377799999999979e+03 1.240805000000000064e+03 2.349808300000000145e+03 8.520323000000000320e+03 2.462642800000000079e+03 1.394514499999999998e+03 1.037156099999999924e+03 8.673663999999999987e+02 7.374242600000000039e+02 8.266051599999999553e+02 3.360536000000000172e+02 3.029490000000000123e+02 3.122565999999999917e+02 2.924263300000000072e+02 2.888981299999999806e+02 2.497151000000000067e+02 2.582855500000000006e+02 2.196092700000000093e+02 2.330887299999999982e+02 2.152264700000000062e+02 2.307932399999999973e+02 2.190688299999999913e+02 2.186715100000000120e+02 1.941335100000000011e+02 1.651110999999999933e+02 1.832048800000000028e+02 1.994615599999999915e+02 2.020650500000000136e+02 2.629281300000000101e+02 2.057112899999999911e+02 1.805889599999999859e+02 1.499800700000000120e+02 1.135178099999999972e+02 1.264372599999999949e+02 1.158153599999999983e+02 1.812362400000000093e+02 1.750697800000000086e+02 1.469861500000000092e+02 9.489267999999999859e+01 4.444001999999999697e+01 6.127160599999999846e+01 6.346133400000000080e+01 4.855510999999999910e+01 4.590494999999999948e+01 5.151033000000000328e+01 3.263297699999999679e+01 2.717263600000000068e+01 2.854108000000000089e+01 2.223403499999999866e+01 1.986480099999999993e+01 2.099600600000000128e+01 1.618566900000000075e+01 1.317038250000000055e+01 3.757232700000000136e+01 2.551566700000000054e+01 2.158944899999999834e+01 2.170835500000000096e+01 1.721679900000000174e+01 1.616547999999999874e+01 9.153838999999999615e+00 2.182292199999999838e+01 4.592039999999999900e+00 1.863848000000000127e+01 7.142042000000000002e+00 7.569787500000000335e+00 1.840625800000000112e+01 8.948389999999999844e+00 1.052483499999999950e+01 1.687397599999999898e+01 1.283586599999999933e+01 1.169484699999999933e+01 1.217725700000000089e+01 2.577050600000000102e+01 1.034031000000000056e+01 1.286520200000000003e+01 1.730730000000000146e+01 1.527151600000000009e+01 1.654807699999999926e+01 1.406715100000000085e+01 1.012907500000000027e+01 9.119521999999999906e+00 1.090670700000000082e+01 2.431007800000000074e+01 1.270451699999999917e+01 7.616647200000000062e+00 9.428459999999999397e+00 5.852782200000000046e+00 1.458951899999999924e+01 6.603880400000000428e+00 1.102776599999999974e+01 1.476875800000000005e+01 1.386976499999999923e+01 1.156037800000000004e+01 7.304634000000000071e+00
8.477795399999999404e+01 1.628725100000000054e+02 2.214623699999999928e+02 2.306327200000000062e+02 2.750494699999999852e+02 6.550823000000000320e+02 9.403785000000000309e+02 9.531874000000000251e+02 1.292838600000000042e+03 2.462642800000000079e+03 8.791851000000000568e+03 2.522436000000000149e+03 1.344325000000000045e+03 9.574698499999999513e+02 7.508694000000000415e+02 8.393155500000000302e+02 2.997599200000000224e+02 2.763475300000000061e+02 2.572850999999999999e+02 2.651357399999999984e+02 2.658001699999999801e+02 2.318091900000000010e+02 2.403522600000000011e+02 2.162910500000000127e+02 2.335164000000000044e+02 2.046237500000000011e+02 2.124952000000000112e+02 1.955135199999999998e+02 2.194775099999999952e+02 1.905109899999999925e+02 1.755288700000000119e+02 2.131670799999999986e+02 1.772237100000000112e+02 2.011104300000000080e+02 2.640475999999999885e+02 2.058515600000000063e+02 1.770646700000000067e+02 1.376530500000000075e+02 1.279909999999999997e+02 1.376857799999999941e+02 1.231012900000000059e+02 1.578345300000000009e+02 1.804262999999999977e+02 1.314057500000000118e+02 1.052484299999999990e+02 3.896825799999999873e+01 6.782979000000000269e+01 7.123887000000000569e+01 4.229448299999999961e+01 4.796582399999999780e+01 4.624665999999999855e+01 4.032280699999999740e+01 3.066215899999999905e+01 2.725151800000000080e+01 2.584453800000000001e+01 2.438647299999999873e+01 1.549113499999999988e+01 2.124974299999999872e+01 1.741196800000000167e+01 2.712477900000000020e+01 3.192367000000000132e+01 2.391221799999999931e+01 1.434981699999999982e+01 1.868056500000000142e+01 2.058010700000000170e+01 1.986419100000000171e+01 1.864354499999999959e+01 4.384559000000000317e+00 8.898170999999999609e+00 1.136557600000000079e+01 1.264858699999999914e+01 1.597692200000000007e+01 1.110730099999999965e+01 1.306408200000000086e+01 1.356763300000000072e+01 1.791247999999999863e+01 1.116644199999999998e+01 1.245756000000000085e+01 2.788694200000000123e+01 6.911175300000000021e+00 1.064606200000000058e+01 1.809915000000000163e+01 1.286603599999999936e+01 1.053359400000000079e+01 6.268060700000000374e+00 6.769991400000000326e+00 7.836729499999999682e+00 1.214956500000000084e+01 1.578394399999999997e+01 1.374789200000000022e+01 1.038929599999999986e+01 1.125307100000000027e+01 5.588338000000000250e+00 6.429381000000000235e+00 1.261099800000000037e+01 1.538927299999999931e+01 1.410146600000000028e+01 1.158770600000000073e+01 1.003458999999999968e+01 7.846415000000000362e+00
8.699504000000000303e+01 1.888985099999999875e+02 2.108204700000000003e+02 2.385092500000000086e+02 2.667725800000000049e+02 6.354913000000000238e+02 7.722151000000000067e+02 7.974664000000000215e+02 1.050715099999999893e+03 1.394514499999999998e+03 2.522436000000000149e+03 8.891110000000000582e+03 2.428569599999999809e+03 1.061948499999999967e+03 8.912042999999999893e+02 8.233319999999999936e+02 2.920692399999999793e+02 2.454519500000000107e+02 2.667611699999999928e+02 2.350897500000000093e+02 2.109065099999999973e+02 2.049353499999999997e+02 1.972608600000000081e+02 2.052655200000000093e+02 2.058856800000000078e+02 2.251564199999999971e+02 2.154983400000000131e+02 2.001726199999999949e+02 1.943966499999999940e+02 1.744942499999999939e+02 1.993627500000000055e+02 1.807220599999999990e+02 1.568728800000000092e+02 2.095963399999999979e+02 2.675539600000000178e+02 2.407536599999999964e+02 1.854271500000000117e+02 1.607058600000000013e+02 1.350698899999999867e+02 1.433341200000000129e+02 1.279675399999999996e+02 1.607613399999999899e+02 2.003640399999999886e+02 1.659596699999999885e+02 9.102412999999999954e+01 6.411645500000000197e+01 4.872255299999999778e+01 5.791272000000000020e+01 5.033437299999999937e+01 4.021173999999999893e+01 3.893832799999999850e+01 4.557291800000000137e+01 4.083496999999999844e+01 3.952631000000000228e+01 2.652041399999999882e+01 2.395480999999999838e+01 3.021007300000000129e+01 1.921320000000000050e+01 2.886259300000000039e+01 4.254547999999999774e+01 2.692299999999999827e+01 2.095781099999999952e+01 1.497680000000000078e+01 9.083201000000000747e+00 1.380812599999999968e+01 1.053679099999999913e+01 9.695401999999999632e+00 4.845316999999999652e+00 9.833247999999999323e+00 1.507193200000000033e+01 7.987303700000000006e+00 1.324191000000000074e+01 1.133033299999999954e+01 8.884271000000000029e+00 1.405631799999999920e+01 7.292834799999999618e+00 1.542485399999999984e+01 1.927335199999999915e+01 2.628549800000000047e+01 1.418382800000000010e+01 1.628975000000000151e+01 1.304421100000000067e+01 1.800957100000000111e+01 1.662932999999999950e+01 1.583256899999999945e+01 1.068775100000000045e+01 1.154701799999999956e+01 1.150827300000000086e+01 1.231243899999999947e+01 1.519260899999999914e+01 1.262917599999999929e+01 8.704931000000000196e+00 9.880955000000000155e+00 1.065753199999999978e+01 1.393624299999999927e+01 2.148186499999999910e+01 2.285556199999999905e+01 1.372008899999999976e+01 1.441581599999999952e+01 1.252472999999999992e+01
1.463395500000000027e+02 2.170690800000000138e+02 2.789120800000000031e+02 2.901331999999999880e+02 2.602827500000000214e+02 6.109664299999999457e+02 6.299258999999999560e+02 6.580207000000000335e+02 8.902439000000000533e+02 1.037156099999999924e+03 1.344325000000000045e+03 2.428569599999999809e+03 8.352216000000000349e+03 2.300521999999999935e+03 1.291451900000000023e+03 1.016338100000000054e+03 2.499701499999999896e+02 2.095673199999999952e+02 1.888913599999999917e+02 1.726407600000000002e+02 2.040317699999999945e+02 2.169038999999999930e+02 2.244996500000000026e+02 2.035148800000000051e+02 2.165199900000000071e+02 2.038185300000000097e+02 2.002427700000000073e+02 1.964783999999999935e+02 1.899274699999999996e+02 1.672976700000000108e+02 1.718342399999999941e+02 1.804339899999999943e+02 1.737081300000000113e+02 2.243066599999999937e+02 3.000149499999999989e+02 2.839938999999999965e+02 3.040791600000000017e+02 2.221400800000000118e+02 2.045718699999999899e+02 1.986224499999999864e+02 2.055298799999999915e+02 2.353781899999999894e+02 2.837207300000000032e+02 1.825674099999999953e+02 1.180018539999999945e+02 6.788488999999999862e+01 5.947033700000000067e+01 4.729843999999999937e+01 3.439737300000000175e+01 3.753337499999999949e+01 3.255886999999999887e+01 3.213942000000000121e+01 3.081645999999999930e+01 3.689359999999999928e+01 3.713097799999999893e+01 1.583781100000000031e+01 3.195760500000000093e+01 3.188173700000000110e+01 2.195123900000000106e+01 2.888121999999999900e+01 2.686283999999999850e+01 1.530930099999999960e+01 9.045396000000000214e+00 1.156118400000000079e+01 9.855847000000000691e+00 2.048952699999999894e+01 1.244323400000000035e+01 1.809035000000000082e+01 1.835658000000000101e+01 2.579141399999999962e+01 1.397868300000000019e+01 7.415948000000000206e+00 9.694354000000000582e+00 1.036565099999999973e+01 1.749343700000000013e+01 1.944881399999999871e+01 1.343762899999999938e+01 8.566485999999999379e+00 1.607446900000000056e+01 1.018391800000000025e+01 1.182591299999999990e+01 1.785722700000000174e+01 9.732115000000000293e+00 1.940213800000000077e+01 1.662526899999999941e+01 1.895416799999999924e+01 1.437054900000000046e+01 1.969320499999999896e+01 1.053465600000000002e+01 1.918562899999999871e+01 1.607453299999999885e+01 3.482197000000000209e+00 1.268137600000000020e+01 1.989534400000000147e+01 1.300799899999999987e+01 1.503827599999999975e+01 2.521200599999999881e+01 1.195249300000000048e+01 8.280386999999999276e+00 1.169050099999999937e+01
1.426350400000000036e+02 2.297890600000000063e+02 3.034072300000000268e+02 3.232996499999999855e+02 2.406338800000000049e+02 5.773799400000000333e+02 5.963077399999999670e+02 6.305774499999999989e+02 6.647191000000000258e+02 8.673663999999999987e+02 9.574698499999999513e+02 1.061948499999999967e+03 2.300521999999999935e+03 8.411568999999999505e+03 2.471238299999999981e+03 1.345550999999999931e+03 2.434117599999999868e+02 1.880065299999999979e+02 2.016127199999999959e+02 2.143555299999999875e+02 1.965826299999999947e+02 2.079183700000000101e+02 2.256868100000000084e+02 2.271591300000000047e+02 2.200026599999999917e+02 2.301461799999999869e+02 2.110218999999999880e+02 2.213346400000000074e+02 1.696418500000000051e+02 1.696047499999999957e+02 1.845655199999999923e+02 1.679086499999999944e+02 2.185465900000000090e+02 2.794063400000000001e+02 3.300153999999999996e+02 3.867990399999999909e+02 3.644126299999999787e+02 3.030376299999999787e+02 2.581087299999999800e+02 2.690911300000000210e+02 2.916170700000000124e+02 3.135402500000000146e+02 3.920921299999999974e+02 1.854569199999999967e+02 1.159226149999999933e+02 7.848180399999999679e+01 4.906804300000000296e+01 3.844666000000000139e+01 3.374864999999999782e+01 3.250864399999999677e+01 2.645124799999999965e+01 2.901940300000000050e+01 3.949011200000000343e+01 3.254626999999999981e+01 3.023600400000000121e+01 2.662817400000000134e+01 3.084525700000000015e+01 2.953122099999999861e+01 3.274382800000000060e+01 2.675191999999999837e+01 1.192517999999999923e+01 1.080427199999999921e+01 6.963959700000000197e+00 1.223865499999999962e+01 1.123595599999999983e+01 7.808467399999999614e+00 1.436988400000000077e+01 4.787605300000000064e+00 9.716127000000000180e+00 2.233862099999999984e+01 9.865211499999999134e+00 7.850513000000000297e+00 1.026243099999999941e+01 1.316767899999999969e+01 1.203704500000000088e+01 1.647079300000000046e+01 1.625720799999999855e+01 5.441082999999999892e+00 1.343401000000000067e+01 1.617102399999999918e+01 2.324937999999999860e+01 1.202958899999999964e+01 1.592189899999999980e+01 9.037193999999999505e+00 1.662173999999999907e+01 1.689672300000000149e+01 1.140948400000000085e+01 1.800440199999999891e+01 8.110526000000000124e+00 1.236253800000000069e+01 2.155420900000000017e+01 3.317624699999999649e+01 1.464489700000000028e+01 1.989111899999999977e+01 2.065537799999999891e+01 1.591949900000000007e+01 1.950378999999999863e+01 1.626800700000000077e+01 7.669906600000000019e+00 1.332751599999999925e+01
1.669581499999999892e+02 2.240833900000000085e+02 3.064405199999999923e+02 3.213760399999999890e+02 2.699409499999999866e+02 5.381612999999999829e+02 5.356589000000000169e+02 5.773982999999999493e+02 6.293432599999999866e+02 7.374242600000000039e+02 7.508694000000000415e+02 8.912042999999999893e+02 1.291451900000000023e+03 2.471238299999999981e+03 8.310084000000000742e+03 2.288314699999999903e+03 3.231375400000000013e+02 2.259644999999999868e+02 2.420172900000000027e+02 2.147734499999999969e+02 2.019565000000000055e+02 2.529094499999999925e+02 2.719775700000000143e+02 2.795041800000000194e+02 2.705473600000000260e+02 2.779679300000000239e+02 2.507430300000000045e+02 2.528781299999999987e+02 1.930950200000000052e+02 1.883357699999999966e+02 2.267399399999999901e+02 2.063761000000000081e+02 2.294829699999999946e+02 2.966252000000000066e+02 3.628829700000000003e+02 4.180978000000000065e+02 4.161075700000000097e+02 3.440196000000000254e+02 2.912089000000000283e+02 2.849853200000000015e+02 2.945325000000000273e+02 3.827361799999999903e+02 3.687008700000000090e+02 2.277307700000000068e+02 1.221281699999999972e+02 5.921106300000000289e+01 5.890928000000000253e+01 3.521884000000000015e+01 3.946806000000000125e+01 2.553728100000000012e+01 3.724005999999999972e+01 2.829885099999999909e+01 2.167658199999999979e+01 3.568921699999999930e+01 2.850240099999999899e+01 3.386701000000000050e+01 3.316354400000000169e+01 2.876122900000000016e+01 2.667031000000000063e+01 3.087928199999999990e+01 1.111790899999999915e+01 1.091228800000000021e+01 8.791976999999999265e+00 8.240672999999999249e+00 7.295327699999999638e+00 1.051537599999999983e+01 1.330408399999999958e+01 1.450640800000000041e+01 2.943978999999999857e+01 1.002753399999999928e+01 9.963839000000000112e+00 7.047998399999999997e+00 8.480479000000000767e+00 1.219104500000000080e+01 1.496293449999999936e+01 1.455602599999999924e+01 1.026233700000000049e+01 9.159133999999999887e+00 1.356831550000000064e+01 1.524384799999999984e+01 1.535349500000000056e+01 1.735693399999999897e+01 1.040540299999999974e+01 1.078709699999999927e+01 1.678791599999999917e+01 8.532823999999999742e+00 9.602959000000000245e+00 1.148488399999999920e+01 1.535927000000000042e+01 9.810532999999999504e+00 2.520701800000000148e+01 1.489240999999999993e+01 2.341957299999999975e+01 2.481703600000000165e+01 2.781584000000000145e+01 1.786517100000000013e+01 1.866199999999999903e+01 1.916908600000000007e+01 1.217320699999999967e+01 8.653344000000000591e+00
1.416320800000000020e+02 1.891838700000000131e+02 3.044644000000000119e+02 3.120079000000000065e+02 2.508616299999999910e+02 8.573849000000000160e+02 7.216991000000000440e+02 6.962801500000000487e+02 8.639841300000000501e+02 8.266051599999999553e+02 8.393155500000000302e+02 8.233319999999999936e+02 1.016338100000000054e+03 1.345550999999999931e+03 2.288314699999999903e+03 7.389134000000000015e+03 7.053146400000000540e+02 5.054335599999999999e+02 5.492247300000000223e+02 5.554190700000000334e+02 4.600849600000000237e+02 5.249057599999999866e+02 4.678101199999999835e+02 4.252744999999999891e+02 4.114230299999999829e+02 3.663238799999999742e+02 3.693201300000000060e+02 3.875284399999999891e+02 3.300233200000000124e+02 3.185826999999999884e+02 3.059195000000000277e+02 2.910168499999999767e+02 2.841118799999999851e+02 3.196950400000000059e+02 5.608696999999999662e+02 4.543722200000000271e+02 4.127922699999999736e+02 2.882495400000000245e+02 2.440942799999999977e+02 2.268149300000000039e+02 2.328088500000000067e+02 3.351318999999999733e+02 3.661553000000000111e+02 2.069450999999999965e+02 8.494012999999999636e+01 5.508500999999999692e+01 6.454438000000000386e+01 2.305508199999999874e+01 2.205255299999999963e+01 2.242241699999999938e+01 2.449598699999999951e+01 2.771412799999999876e+01 1.885693399999999897e+01 2.664201999999999870e+01 2.887600499999999926e+01 2.919792999999999950e+01 1.805481500000000139e+01 2.417393500000000017e+01 1.210491500000000009e+01 2.007392700000000119e+01 1.576909799999999962e+01 1.375773599999999952e+01 1.247010900000000078e+01 9.350533499999999165e+00 8.431162000000000489e+00 1.077157899999999913e+01 1.257990599999999937e+01 3.200583300000000264e+01 1.855820299999999889e+01 1.659298899999999932e+01 9.421480000000000743e+00 8.330446000000000240e+00 8.909848000000000212e+00 1.047950400000000037e+01 1.061134599999999928e+01 1.278058049999999923e+01 6.792610999999999954e+00 7.794519400000000431e+00 1.368507199999999990e+01 1.132535200000000053e+01 7.685874499999999721e+00 1.066789699999999996e+01 7.155642499999999906e+00 1.019992599999999960e+01 6.536395999999999873e+00 1.008544900000000055e+01 8.172219000000000122e+00 5.429865399999999731e+00 1.549143800000000049e+01 7.589878999999999820e+00 8.667248000000000729e+00 1.408177700000000065e+01 1.398617800000000067e+01 1.229180700000000037e+01 1.409022200000000069e+01 8.446360999999999564e+00 1.176411799999999985e+01 1.467315499999999950e+01 1.046416950000000057e+01 6.364025999999999961e+00
